Ntrain	Dimsum2	LOOCV2	Dimsum5	LOOCV5	Dimsum10	LOOCV10	Dimsum15	LOOCV15	Dimsum20	LOOCV20	Dimsum25	LOOCV25
1	38.18896091	6.851392848	49.82845639	10.54148445	50.81929484	20.18763571	59.33405827	17.70175582	52.95648764	23.53396744	54.27750046	29.48559023
2	19.28069938	6.060072101	35.95793504	9.405031352	40.37648746	17.35692466	49.57537702	9.357022215	35.31841845	11.53176013	41.5408037	11.03390794
3	24.98340846	4.46307684	36.88607	6.987814545	43.73403789	11.14407412	53.03850714	7.506575958	51.94701297	8.735643856	45.76190416	7.335474579
4	26.43562868	3.685521089	38.97286251	4.502629937	49.0482485	6.449334701	54.59206605	6.46342994	55.81175981	9.25032448	54.9967798	5.092773454
5	28.00405146	3.04848434	43.94827981	3.772279408	51.00841684	3.879104648	56.88490086	4.796596559	59.84050226	7.340867306	57.89667155	4.112032688
6	28.12574861	2.754908263	45.38851891	3.415411016	53.48749673	3.187229977	59.93094453	3.793337	62.54313497	5.76152295	58.49154004	3.418377369
7	30.04016701	2.518760247	45.99765653	3.303098445	54.26544468	3.898121445	62.64727813	5.129673195	62.87806878	4.880294005	60.2714706	4.018081454
8	31.5522179	2.381456764	47.59690539	2.899094604	48.71167206	3.365800863	62.95594317	5.007651	64.51180827	4.488623136	61.61052734	3.504225475
9	10.77879919	2.598507021	47.90867157	2.769965033	48.87014626	3.82990602	62.72468259	4.42560961	66.05753459	4.66914423	62.18589315	3.374293913
10	10.64044983	2.511395288	49.34816844	2.556884691	48.82113364	2.919796683	63.02704646	3.430913334	66.75781047	3.81592906	62.60748923	3.231065701
11	10.43766404	2.409555418	49.85029036	2.16079108	52.86749934	3.60296965	63.38151249	3.372483715	67.11262352	4.51174271	62.30249444	2.946634095
12	17.26487627	2.428314831	52.27483946	2.035306643	50.8524224	3.190520481	63.61733905	3.006875939	68.5664015	3.984363868	63.85722344	2.672796025
13	17.17437002	2.3198925	52.43360854	1.935454702	51.12381713	2.68564622	64.61761226	3.329150563	68.45273044	3.996042447	64.59249939	2.474296596
14	16.83412465	2.483835827	53.7151912	1.797788987	53.30451045	2.637377306	65.36332349	3.554731647	69.77031316	3.65783868	62.65919204	3.576077452
15	16.33532746	2.554735632	54.0419393	1.891701154	53.37518706	2.443796477	64.96652011	3.278552185	69.73304453	3.598727453	62.12942883	3.274811637
16	16.27068398	2.438204133	54.22729132	1.695982742	53.37402723	2.428520912	66.13438507	3.02085663	69.71615827	3.4183963	63.36690489	2.923262505
17	16.16122853	2.352137932	55.52710129	1.735141107	54.63526595	2.328417749	66.47421831	2.676393628	69.97260606	3.111988865	63.05890968	2.993778195
18	16.56035913	2.322269266	56.06589032	1.785774999	54.7774515	2.092622719	67.17646896	2.614290147	70.18806143	2.981160653	62.65349014	2.896770247
19	16.64730878	2.238631366	53.77301243	2.494765053	54.66766283	2.223177367	66.94534668	2.577882696	70.30291657	2.808697772	62.98142018	2.492341083
20	16.0927634	2.386927718	54.12058994	2.350658697	54.8627276	2.285687924	66.86329945	2.488934549	70.31523851	2.914637861	63.18721319	2.307567678
21	15.83571357	2.491817613	54.23362681	2.300207346	55.25486145	2.198303786	66.87655374	2.30523735	71.58620425	2.843407094	63.23853674	2.168319025
22	15.76696253	2.407878933	54.80148421	2.219116437	55.29813656	2.135608723	66.93622586	2.170698968	67.53431481	3.949163092	62.8609844	2.416858698
23	15.70484848	2.426244664	55.10584022	2.081530785	54.8125891	2.211002482	67.08216434	2.092531479	67.90716233	4.117484375	62.99840008	2.226821999
24	15.79028916	2.333225588	55.84735119	2.173538812	54.84056257	2.071430434	67.37090929	2.34138935	67.50130181	4.117392198	62.04619906	2.892781044
25	15.58228764	2.795053893	56.08252029	2.037903211	54.88786436	2.171722606	67.42560657	2.236566872	67.53173875	3.988857735	62.30296414	2.742322964
26	11.41363338	3.713431335	56.29205177	1.946782663	54.90315919	2.105640685	66.91143799	2.694020971	66.29047773	4.105310217	62.25935759	2.648731082
27	11.4339065	3.50759593	56.18060186	1.966764197	54.84583324	2.100268496	66.88327234	2.584347138	66.19049621	3.899713793	62.18066233	2.627912192
28	11.46992894	3.299878051	29.92877072	2.524427896	54.54331417	2.086058653	66.93272541	2.434993462	66.03150925	3.781915988	62.13298692	2.596694118
29	11.44355008	3.192950376	30.69154974	2.448185463	52.88743339	2.12747794	67.04266926	2.355478928	65.9352096	3.743641382	61.65089013	2.61290999
30	11.28505465	3.152982343	30.13172516	2.28103538	54.22526948	2.131955573	67.16749842	2.244602098	66.49179439	3.627251062	61.4426978	2.85397953
31	11.27084402	3.08593081	31.13092874	2.218953846	54.46223601	2.051622627	66.99240953	2.397316785	66.6895585	3.7268951	61.23492191	2.418319174
32	11.17816801	3.104871643	31.18625844	2.152452117	54.414103	2.0075782	67.19828671	2.330814222	66.77611909	3.624201388	61.21228812	2.241700856
33	11.08556214	3.085425738	31.1063927	2.072327569	55.18211585	1.946387401	66.5474189	2.317794553	66.9429996	3.481157871	59.48438127	2.631467692
34	11.0496359	3.050026755	31.16697241	2.020684395	55.29388895	1.925640927	66.66816551	2.272824509	66.93893035	3.39613276	59.38551971	2.490569201
35	11.00358243	3.022564433	10.86616533	3.151219526	55.49456415	1.824368212	66.73066279	2.202001245	67.61812549	3.396943671	59.78543051	2.445007538
36	10.92715999	3.126888544	13.34112224	2.995327838	55.80739916	1.922612456	67.40341619	2.381592205	67.66305719	3.200627461	60.31884921	2.357733688
37	10.87793191	3.431041837	13.6003498	2.949067017	55.86372126	1.876641146	67.58697254	2.303710691	67.69474829	3.049606669	60.37153441	2.300424896
38	11.0211202	3.371350606	13.68989884	3.257283723	55.92054641	1.83163276	67.57090679	2.255993901	66.73813528	2.989905464	60.44425239	2.255010699
39	10.92623555	3.621573473	11.15671983	2.3995538	55.5458405	2.281241028	67.67315187	2.231036123	66.59508141	2.950422243	60.28027727	2.250530218
40	10.91383876	3.544117368	12.09259635	2.441657964	55.6738622	2.17635843	67.70228218	2.18309929	66.58400753	2.936411511	60.13752016	2.22182041
41	10.89358444	3.492693704	11.98603466	2.392068588	55.57598895	2.06997461	67.40856249	2.252768944	67.08922888	2.889308018	60.44059014	2.246481836
42	10.81969351	3.668921117	11.93576546	2.396415846	55.3815101	2.084530112	67.35868088	2.536429724	67.05601011	2.81295922	60.34614386	2.193492832
43	10.75824356	3.619243402	11.95820472	2.576616756	55.24747124	2.035480257	67.33663426	2.181438155	66.30971195	2.807644552	60.27207864	2.163036542
44	10.7333726	3.572131479	11.91909219	2.526551721	55.22574294	1.981349706	67.6350711	2.186168128	66.33708844	2.807538585	59.97694114	2.487039703
45	10.71646795	3.586395325	11.86854827	2.558109267	56.56557677	1.955983592	67.60996064	2.151529516	66.29563477	2.818787595	60.10205073	2.422548114
46	10.86954156	5.312206266	11.72166619	2.626328496	57.2447266	1.952446046	67.69088136	2.100000748	66.32811001	2.772432197	59.99478469	2.374807131
47	10.84098855	5.26632573	11.71280401	2.57322697	57.10975173	2.025531578	67.64283325	2.054936476	66.42588655	2.765829143	60.01097328	2.27880565
48	10.78087491	5.21401127	11.86224317	2.372738724	57.17805681	1.991747225	67.70210069	2.124422141	66.2965754	2.676871522	59.01475603	2.227176112
49	10.76226953	5.132983237	11.36264066	2.345541618	57.19837155	1.958944539	67.51922907	2.309099662	66.32998559	2.704419433	59.00220448	2.183458822
50	10.82752167	5.079095246	11.55503896	2.332114048	57.33191854	1.93342324	67.49515681	2.054017278	66.42136007	2.640634535	59.12958569	2.191998376
51	10.83362359	5.085443584	11.3122867	2.500937811	11.39263988	2.415525592	67.67212441	2.005048215	65.83330457	2.575619025	59.34796633	2.197978515
52	10.87837707	5.030315776	11.36878492	2.439453274	11.52447144	2.391208625	67.62992736	1.988926043	58.20964169	2.279003941	59.16938111	2.23993172
53	10.84554979	4.974478579	11.24174828	2.398211596	11.33873163	2.338074867	67.48919562	1.992855843	58.61526405	2.227435928	59.22944426	2.187879388
54	10.79377319	4.929754457	11.13356941	2.33183939	11.3430254	2.345305682	67.59510768	1.95291994	58.53971739	2.208554456	59.10553068	2.121061706
55	10.78246375	4.878512415	11.15335262	2.261746693	11.34859738	2.303336688	25.21963862	2.955347178	58.31055911	2.33896229	57.8323615	2.177318128
56	10.7665552	4.833966356	11.21959781	2.239533674	11.42382555	2.291648924	24.61863615	2.973145678	58.2256569	2.309838304	57.83922036	2.132394583
57	10.70069445	4.79550915	11.07947473	2.181913016	10.89755282	2.296132457	24.71148605	2.951559183	57.71325113	2.445908282	57.80042777	2.081286839
58	10.66073679	4.750039892	12.48571516	2.18114801	10.89033151	2.355494997	25.41791937	2.922828917	58.19264843	2.398503963	57.77588469	2.041442733
59	10.27924815	4.704082485	12.05278725	2.224664548	10.86892767	2.295991173	25.24463761	2.912399756	58.71909359	2.466934485	57.89665691	2.025110834
60	10.25245057	4.664909774	12.2936461	2.24278055	10.84120413	2.269471214	25.23468723	2.807430945	58.76039556	2.462347984	58.11702351	2.201992865
61	10.2107285	4.629677032	12.26084586	2.249642495	10.90781133	2.22873773	25.19231735	2.72662355	58.64020735	2.451002383	58.15918037	2.138459802
62	10.20025421	4.592089204	12.19969684	2.408854096	10.9210634	2.205198165	25.31427603	2.749249361	57.92630286	2.471813227	58.04111451	2.099066756
63	10.17912013	4.558829436	12.14947584	2.392504971	10.6657553	2.212863012	24.92055826	2.71799148	57.90779171	2.460713171	55.61992196	2.508323148
64	10.17458802	4.526811514	12.17353374	2.288706237	10.62868908	2.170215096	25.06488056	2.704417413	57.8088438	2.481045682	55.83111784	2.652460858
65	10.16541142	4.491493196	12.01031694	2.306406002	10.71684982	2.140506182	25.03631638	2.65995061	57.75086909	2.442215981	55.79319307	2.744345832
66	10.82999005	4.69113636	11.96268836	2.216214286	10.48783523	2.128799972	25.03089365	2.592464337	57.75583629	2.392467759	55.77643455	2.700324726
67	10.80279518	4.661222386	11.49830229	2.437220696	10.50782959	2.097522076	25.35055473	2.617355579	58.14257035	2.395981847	55.79923593	2.609516782
68	10.76758596	4.623558209	11.47107979	2.46066221	10.53220169	2.047847434	25.40504177	2.603887805	57.77295501	2.356152155	55.93043684	2.560455132
69	9.663941415	4.64442508	11.48627783	2.356084472	10.57500856	2.060339582	23.23355475	2.722040589	57.77235125	2.315842923	56.62861966	2.832428628
70	9.636347744	4.606403453	11.54064862	2.257202246	10.55303397	2.038930972	23.24433746	2.685196699	58.10935907	2.312300205	56.58117925	2.780234847
71	9.621951572	4.56860016	11.60596903	2.222187192	10.86480268	2.053581191	23.24283383	2.671312402	57.93028341	2.264319069	56.18330454	2.761245876
72	9.606534868	4.526240352	12.47941625	2.331056643	10.90027226	2.03500349	23.26941627	2.630746782	57.90897548	2.229802285	56.28557479	2.795016591
73	9.594515062	4.493174201	12.51660306	2.317576516	10.94820209	2.052210843	23.43793275	2.593243449	58.29535685	2.34322882	55.21422084	3.238909849
74	9.585923259	4.468966415	12.49910705	2.298902898	10.95133103	2.032399637	23.41359737	2.555131047	58.1809535	2.341714133	55.37119856	3.18049852
75	9.575186241	4.436381507	12.49422709	2.270272459	10.61080671	2.087211858	23.47398376	2.523430209	58.17000796	2.322128135	55.42291184	3.113930787
76	9.571710259	4.405634525	12.51858162	2.500384456	10.54756541	2.043735201	23.48099858	2.489523437	58.0494234	2.399614945	55.42284957	3.074851633
77	9.564292207	4.374580431	12.33317907	2.520917176	10.41345553	2.051126434	23.48952976	2.445645169	58.04675418	2.357879795	55.42206315	3.027526592
78	9.561197102	4.33586238	12.42614387	2.494519919	10.44920535	2.026625727	23.60104894	2.399680575	58.07979888	2.31619054	55.48145381	2.854290117
79	9.543483003	4.303537394	12.42752863	2.471641547	10.45848232	2.012026766	23.73801891	2.387547965	58.27518346	2.293145932	55.68228292	2.760015341
80	9.526827614	4.281214253	12.34432837	2.612849692	10.54422454	2.012037166	24.36975994	2.369088484	58.29335066	2.259280004	55.67653191	2.719430898
81	9.488823288	4.180224542	12.39352661	2.589041543	10.60013239	2.015963269	24.40811908	2.333495501	58.33248314	2.235188059	55.68636167	2.687047652
82	9.491214845	4.125516011	12.87781232	2.557170917	10.57160014	2.002603407	24.48640249	2.29125692	41.54068311	2.42316302	55.58378041	2.678805228
83	9.485188738	4.086794535	12.8735338	2.556057713	10.84370637	2.038916902	24.99198384	2.273480601	41.0241744	2.461075851	30.67109858	2.930254773
84	9.45229003	4.056314566	12.91368533	2.59604509	10.93435462	2.016020957	24.46248248	2.291216146	40.96003521	2.420852382	31.70155208	2.914962332
85	9.447104796	4.029549601	12.91072742	2.660339181	11.00403039	1.993322813	24.48404629	2.260051305	41.07176153	2.404024584	31.84566019	2.776020302
86	9.448256792	3.991723084	12.9055562	2.633557401	10.99191979	1.975320783	24.34909259	2.328398966	41.06715727	2.36705785	31.16043074	2.97199687
87	9.429700052	3.964419109	12.88008953	2.610078587	10.86892756	1.970412822	24.55374404	2.306979984	41.07775204	2.335858021	30.57146103	2.935933901
88	9.416262999	3.935790878	13.00927123	2.602583325	10.9126335	1.952307984	24.46664126	2.284375504	39.78749483	2.328866879	30.63840806	2.924936011
89	9.407664841	3.907146759	13.03871458	2.579533935	11.03833735	1.978574211	24.41610715	2.300747531	38.93829943	2.388594185	30.56272761	2.881704
90	9.404890066	3.883746134	12.93304828	2.57355863	11.02442804	1.962596338	24.47826263	2.276564854	39.71371703	2.413150948	30.60958663	2.847296536
91	9.390209359	3.860230777	12.90049445	2.401691113	10.8950825	1.978622084	24.28600311	2.362102954	39.70934349	2.377286616	30.7168917	2.878030863
92	9.386786586	3.837685722	13.15631918	2.380833765	10.90448434	1.956564379	23.86942822	2.357617533	39.73256758	2.358681264	30.59880435	2.883351479
93	9.249636443	3.820010888	13.00501669	2.426120979	10.94485038	1.953488506	23.90200852	2.366226349	39.66029336	2.317111611	30.30006131	2.848639406
94	9.24104682	3.797703779	13.72413824	2.411831075	10.94824471	2.03575441	17.45591887	2.342684631	39.67615864	2.292722417	30.1411661	2.808364618
95	9.253164606	3.767784374	13.72326556	2.392234348	10.9531581	2.012004668	17.40466898	2.310421344	39.71376058	2.24802422	30.55308971	2.909750349
96	9.22427068	3.749116736	13.54196916	2.400386165	10.99656949	2.007584185	17.4126875	2.283682606	39.78495707	2.220605939	31.06345781	2.94972323
97	9.221375642	3.726403471	13.53009838	2.384910944	10.97187425	1.971593686	17.3588919	2.244401026	39.78097455	2.19499032	31.09626986	2.987799724
98	9.217703528	3.703215512	13.93954463	2.345832769	11.63040648	2.014227637	17.47361538	2.218590315	39.7819431	2.166343968	31.18567627	2.925754595
99	9.208593441	3.682947102	13.91798844	2.31461791	11.59999705	1.997257646	17.38057516	2.191842022	39.80483962	2.142549547	31.18252708	2.885356451
100	9.202219769	3.663039543	13.43745834	2.283021486	11.58142524	1.955011048	17.31749139	2.315708936	39.81281934	2.139035341	31.05630841	2.825116112
101	9.180167384	3.646659117	13.71490001	2.285896733	11.56901767	1.936568108	17.31975707	2.289313289	39.81796551	2.139587501	31.03013192	2.800991973
102	9.167751988	3.632555545	13.35760751	2.260085094	11.54440202	1.930419503	17.32784752	2.29257954	39.76964587	2.172136026	29.80463596	2.767332882
103	9.141748923	3.613796526	13.77488776	2.243495522	11.61131909	1.90043299	17.25236368	2.283689532	39.56487017	2.142429565	30.85736234	2.94013784
104	9.136540193	3.594157822	13.75556576	2.220475775	11.56992095	1.901467095	17.28834825	2.255546904	39.49281961	2.126021813	30.52229587	2.777971698
105	9.136737096	3.656323622	13.75979568	2.206518624	12.96044385	1.942202534	17.16803267	2.244690605	39.48487784	2.104755374	30.52099202	2.74352444
106	9.12839298	3.638724414	13.78969727	2.178743119	13.04578225	1.927975118	16.19000552	2.276215899	39.48509061	2.082581076	30.53850681	2.71680444
107	9.124185297	3.619943963	13.78881099	2.159928251	13.05351843	1.907298317	16.79446518	2.335515628	17.20396517	1.943754769	30.0828478	2.685110291
108	9.169912897	3.627331829	13.80469919	2.155145426	14.39572278	1.886285631	16.61842364	2.330730394	17.20306771	1.925465414	30.61726721	2.834483201
109	9.167926046	3.612848074	13.78191766	2.169991447	11.39577647	1.989097482	16.57929198	2.32590663	16.05864374	1.944950673	30.64844233	2.66020353
110	9.160527198	3.59535028	13.84989171	2.192786666	12.68804672	1.977482622	16.59183522	2.303713256	16.05750963	1.917530728	30.51584441	2.645189007
111	9.160227997	3.578229919	13.83720511	2.194527774	12.67348342	1.975574478	16.6102169	2.281451485	16.92095501	1.882663681	30.00212586	2.603538711
112	9.157829141	3.562117085	13.86790403	2.114547804	12.67380831	1.958748548	16.59216187	2.313762213	16.92700684	1.868456021	29.8434594	2.587977544
113	9.152279997	3.54498865	13.9161237	2.081996244	12.70572928	1.950992567	16.66058463	2.306817883	16.89396254	1.85593832	29.85462942	2.613497852
114	9.148194177	3.526907892	13.88329775	2.061619875	12.70370482	1.947138231	16.80799584	2.292153416	16.90955752	1.866911024	29.81527126	2.600082215
115	9.148711024	3.513111884	13.92105116	2.057702304	12.70253913	1.935310979	16.83111751	2.398180638	16.78464914	2.043853037	29.80968629	2.579417441
116	9.144773385	3.497168915	14.00243266	2.085858795	12.73985291	1.969954536	16.85360628	2.396992623	16.768723	2.02835202	29.91666764	2.531667011
117	9.161042055	3.48461602	13.92391433	2.080255913	12.74246889	1.952167885	16.7606397	2.381221858	16.80107582	2.021939053	30.28053578	2.509455751
118	9.157131027	3.471278832	13.89964459	2.044919373	12.03331558	2.390906757	16.3587134	2.388218755	17.55178082	2.039586842	30.0977424	2.545701174
119	9.151944751	3.358884253	13.89090591	2.031005025	12.02643439	2.446430551	16.33863133	2.366824565	17.70986902	2.04312633	30.36227744	2.571124718
120	9.182039011	3.394205501	14.12867721	2.037859114	12.11793288	2.446383468	14.81918425	2.499113672	17.70468608	2.047363407	30.83180116	2.559834625
121	9.181141906	3.330914797	14.20204254	2.034787055	12.20874143	2.533535614	14.88803779	2.48553102	19.23648776	2.082410262	30.75439325	2.585166045
122	10.77105309	3.085200948	13.03142914	4.220150896	12.13401703	2.571779634	14.81683338	2.553829651	19.22689263	2.064436791	24.3679831	3.628795646
123	11.34828523	3.061324951	12.92966441	4.250911995	12.09408136	2.592959752	14.81165842	2.541483625	18.40400411	2.072411927	23.84899498	3.576348204
124	11.34776519	3.048873571	12.67410876	4.202797762	12.0702666	2.58247569	14.80895939	2.507897637	18.16756692	2.107392535	23.85015255	3.550302595
125	11.34746137	3.036304795	12.72163092	4.208944975	12.11184665	2.574402272	14.81572833	2.486558989	18.13370394	2.103211365	23.78517228	3.56460225
126	11.34803868	3.023626818	11.87828236	4.264664231	12.12773333	2.550999207	14.80964959	2.467027323	18.30665972	2.095181277	23.66812966	3.547557963
127	11.34946094	2.931188362	12.02434874	4.243114708	12.10716227	2.515352065	14.73720193	2.464016669	18.29076797	2.100893395	23.57468544	3.522110399
128	12.00821909	2.900858454	11.97032996	4.187170926	12.1452175	2.495392414	14.77036602	2.428125903	17.882022	2.056367315	23.53396212	3.514195113
129	12.00313623	2.943102472	11.97139557	4.168463199	12.15656984	2.476762706	14.70632063	2.504110269	18.55643596	2.031472463	23.51153331	3.497627965
130	11.99176868	2.92114607	11.97794689	4.143674451	12.25019161	2.494607391	14.93068171	2.596530135	18.55229323	2.000868851	24.04857483	3.41886191
131	11.99000511	2.893606671	11.9737665	4.10114524	12.26453716	2.484403744	14.7042385	2.581659082	18.55864088	1.985564882	24.12656039	3.389367687
132	11.98626791	2.880223411	14.58318503	5.259278162	12.28668558	2.470780095	14.72505464	2.565126839	18.50975892	1.960149342	24.12404545	3.353848136
133	11.96896488	2.882418755	14.61195754	5.228050874	12.34105519	2.511781061	14.74200295	2.583499577	18.52257097	1.944166461	24.0560615	3.326139721
134	11.97074396	2.801765222	14.62671639	5.197692003	12.3293223	2.492686046	14.57245646	2.5710437	18.88000451	2.048743553	24.24465209	3.264504521
135	11.9699124	2.790236454	14.63095087	5.129223065	12.32705809	2.450699451	14.64474228	2.556628271	18.87836242	2.039950235	24.24252031	3.245395214
136	12.40095589	2.776422358	14.63175224	5.108274581	12.33883376	2.439808529	14.62368551	2.540812512	18.83442861	2.024098688	24.23984783	3.209103162
137	12.39697012	2.764818828	14.6794351	5.203915297	12.21678641	2.441044034	14.68870512	2.527567415	18.76670111	2.000502373	24.1364103	3.166771084
138	12.39224675	2.753068448	14.61826079	5.185522533	12.24335467	2.430841542	14.67434589	2.498017375	19.45543968	2.002873228	24.02484647	3.178629531
139	12.39079146	2.742039584	14.57717081	5.170766312	12.23805271	3.962720242	14.58780963	2.49490821	19.45282333	2.362625369	23.98215323	3.16895728
140	12.38247043	2.732458906	14.5779773	5.13869021	12.25016537	3.994064307	14.59451983	2.480769509	19.44377615	2.337560448	23.90311221	3.193738157
141	12.37208285	2.769890299	14.42258737	5.133903429	12.24950968	3.972699065	14.51360805	2.442658701	20.63398079	2.347926986	23.81606023	3.182533788
142	12.3650989	2.758194289	14.38485843	5.119629721	12.25251409	3.944174445	14.46295191	2.426861411	20.68449021	2.331533199	23.87588836	3.15423614
143	12.3336385	2.74381189	14.37375779	5.092260497	12.20367382	3.845997949	14.44216099	2.40293155	21.19726815	2.318410526	23.68047253	3.154653611
144	12.323947	2.794678378	14.36930587	5.073287859	12.23193592	3.838946952	14.4763192	2.384072802	13.45690521	2.346872935	23.91256371	3.123359991
145	12.32337561	2.784776087	14.36080491	5.053348937	12.26021135	3.836472531	14.47419844	2.368872977	13.22427618	2.401358767	24.02781255	3.070810643
146	12.31658916	2.7748621	14.30931185	5.050066522	12.23018524	3.823643631	14.4862442	2.367087313	13.23078898	2.38356365	24.03355723	3.052450409
147	12.67051713	2.764507972	14.3049159	5.029757155	9.903420592	3.109021759	14.44061005	2.353026868	13.48747396	2.36964096	23.98656257	3.034631506
148	12.65197543	2.757376891	14.24785841	5.035915818	9.905924787	3.089918675	14.56396012	2.346940052	13.51173541	2.360392098	24.01940608	3.07202689
149	12.6591059	2.696562732	14.22913578	5.045983346	10.03448609	5.053069713	14.55901249	2.334264224	13.53976254	2.349402947	23.8659557	3.077294739
150	12.65703723	2.687285854	14.24918938	5.077092326	10.06197243	5.075183033	14.86987781	2.335790765	13.5428427	2.358441889	23.9587851	3.077668297
151	12.76659052	2.701501977	14.25703706	5.086810738	10.06278585	5.040470963	14.8834221	2.324927658	13.50104023	2.3632207	23.80324799	3.061030681
152	12.76427833	2.689380946	14.24549719	5.078110906	10.11374086	5.042800625	15.15438439	2.37930062	13.55052756	2.378138231	24.0499058	3.028278108
153	12.75740178	2.686015625	14.25970165	5.070835934	10.1406137	5.040022361	15.2952907	2.371783698	13.62877241	2.439327785	22.54549716	2.873778666
154	12.7528467	2.680140815	14.23834111	5.03710495	10.14074385	5.027049424	15.08261405	2.438450825	13.8957366	2.467353292	22.54927487	2.843021866
155	12.75524527	2.671393204	14.34288317	5.033628884	10.12848273	5.003887376	15.086129	2.421165051	13.94695172	2.468962079	22.39850661	2.838288625
156	12.73737459	2.662478882	14.34542513	5.041854725	10.28125015	4.870065908	15.22102675	2.435600156	14.72606652	2.46587466	22.37644575	2.813609774
157	12.72871098	2.648153129	14.37703487	5.116723116	10.28532722	4.846533973	15.36208041	2.542812604	13.09699723	2.480823862	22.39716232	2.836458924
158	12.72611355	2.638286212	14.4605638	5.111818088	10.34555592	4.910511323	15.36340929	2.526205704	14.75098541	2.479730834	22.37344218	2.82187029
159	12.72102624	2.627240986	14.4632518	5.087287393	10.34971927	4.890194496	15.37012832	2.511171729	13.89816394	2.517700388	22.48192498	2.875554476
160	12.71762786	2.620690143	14.38100158	5.112203425	10.65467243	5.060319885	15.38847444	2.498696929	15.23339854	2.534611739	22.49697754	2.83429489
161	12.79359529	2.625183334	14.32073578	5.092568707	10.68650676	4.998855879	15.33007779	2.471438628	15.77909511	2.52242258	21.73798374	2.816778353
162	12.79192744	2.616433485	14.41094767	5.027276778	10.72071325	4.996990085	15.60956958	2.581587099	15.75216984	2.501710508	21.74501622	2.800745266
163	12.77200194	2.630526449	14.49951768	5.005394351	10.70768566	4.949456142	15.60437406	2.566800101	15.70638172	2.488184954	21.74875258	2.788455588
164	12.78669049	2.623287472	14.51977351	5.000160972	10.70413467	4.929661948	15.57434762	2.542663155	15.5317178	2.470901816	21.73207732	2.768259779
165	12.78870948	2.614153187	14.85394513	5.986933676	10.69386602	4.90993325	14.40884199	2.494050152	13.61466677	2.508418928	21.74654316	2.790271976
166	12.78527328	2.604384281	14.8926113	5.989207757	10.66357852	4.910899344	14.42282037	2.481410601	12.851597	2.509142935	21.82365964	2.787575838
167	12.78212041	2.590792387	14.87917343	5.957702101	10.66652222	4.901585713	14.39635467	2.457968222	12.84373459	2.498045723	21.93020648	2.790337581
168	12.77922541	2.58058797	14.86965841	5.93222293	10.66716253	4.871424611	14.39885116	2.466328278	13.37203689	2.780767021	21.85184578	2.781352916
169	12.78001614	2.572108819	14.92203553	5.92662808	10.71592905	4.877697785	14.41907875	2.456029644	13.3869524	2.764825105	20.14938528	2.637937748
170	12.77158559	2.568577445	14.90850274	5.907664161	10.71197678	4.948417266	14.34628845	2.458673411	14.11855313	2.794726068	20.09306215	2.649149947
171	12.76693836	2.55929347	14.90740565	5.886391546	11.2431161	4.935950694	14.33472764	2.44297715	14.1355944	2.777414991	20.07055022	2.638670222
172	12.78225061	2.54039584	14.94389849	5.915595449	11.25196749	4.887461934	14.52537564	2.423179222	15.00169096	2.768114394	20.09153431	2.655932449
173	12.78075738	2.532129291	14.93139685	5.89052614	11.2563916	4.870800841	14.40630507	2.443220894	15.0581075	2.795229535	20.43131713	2.64242842
174	12.77961761	2.524709808	14.92338403	5.879594898	10.94333163	4.966927621	14.58908302	2.454679441	15.18782993	2.797952288	20.36441413	2.645024454
175	12.80987169	2.520663783	14.91348571	5.869708007	11.01871221	5.21547963	14.58278842	2.439892444	15.18792399	2.78211382	20.49596219	2.648554186
176	12.87883529	2.659184594	14.91886652	5.845531974	11.01327991	5.189595411	14.12154419	2.426963546	15.25648236	2.77380979	20.55663471	2.648974463
177	12.87675868	2.651078164	14.92014671	5.823993078	11.01671465	5.1711458	14.41597259	2.442486972	16.15879755	2.823527718	17.38950493	2.56296252
178	12.88624512	2.643975305	14.74220929	5.748233044	11.46755698	5.175185148	14.39026509	2.469473539	15.90556863	2.817872837	17.91870237	2.638454931
179	12.25695693	2.635202039	16.34417465	5.741434359	11.43691006	5.137809347	14.39545557	2.556966071	15.3024479	2.829872354	17.9526322	2.619962292
180	12.38124704	2.56102228	16.28145038	5.753830497	11.45539822	5.090280331	14.39098064	2.512236479	15.12848485	2.843355296	18.26586496	2.804859017
181	12.36166034	2.54940897	16.2748428	5.741213905	11.45789848	5.05203836	14.33835492	2.496786599	15.07337022	2.838003738	18.31580579	2.786734702
182	12.35786291	2.542367243	16.26227349	5.702535	11.47064179	5.010014621	14.35930401	2.483348647	15.07420295	2.823437691	18.70590926	2.776227882
183	12.35375336	2.534452466	15.84860656	5.558165149	11.50605242	4.99428051	14.34650033	2.500144479	15.0881272	2.840524219	18.86552367	2.766576379
184	12.34594187	2.530074039	15.50069502	5.359348339	11.12648891	4.971348476	14.38223029	2.485560788	15.84745201	2.897409686	18.89263845	2.762668276
185	12.34405717	2.522575099	15.72987689	5.360483479	11.15420161	4.953353748	14.3876902	2.475334107	14.79655516	2.888177061	18.86998812	2.758245524
186	12.35055493	2.519709253	15.77429884	5.247301132	11.13942911	4.934832812	14.32942965	2.505594265	14.79665809	2.871439324	17.83445078	2.927111683
187	12.35002941	2.518557627	15.77383005	5.227423176	11.14135946	4.903180602	14.34845141	2.49418432	14.91190441	2.914295097	17.77308048	2.923540688
188	12.34739331	2.511093758	15.77477543	5.207377046	11.13658434	4.888251841	14.29281522	2.45647769	14.93132992	2.904716563	17.60245284	2.969461558
189	11.97178049	2.501918547	16.43217801	5.159884483	11.39356538	4.909777096	14.40051763	2.4591596	15.49169944	2.88800028	17.82007931	3.056493695
190	11.96075366	2.493134005	16.41069239	5.163526894	11.1812532	4.84613212	14.27423334	2.618297443	15.47915932	2.874296361	17.88446152	3.006001968
191	11.95743183	2.487069022	16.41593604	5.151454486	11.10170332	4.857417619	14.24543375	2.606505528	15.45334356	2.863917367	18.12672666	2.989099154
192	11.96512463	2.479507926	16.34065392	5.150630376	11.07317596	4.83436883	14.15448732	2.623393522	12.14772578	2.946668713	17.64727137	2.9923903
193	11.40770982	3.080894521	16.34775189	5.144208526	11.07493687	4.787845934	14.12995522	2.612083659	12.97842543	2.949351299	18.02431526	2.95945591
194	11.38989322	3.077693614	16.3382926	5.095590203	11.10427347	4.793776119	14.14798052	2.60117482	12.49546405	2.925544942	17.27296801	2.986184134
195	9.445745158	3.988530657	16.41847616	5.075578403	11.11971791	4.771121525	13.6189204	2.698314344	12.49612843	2.912658368	17.43727873	3.213757276
196	9.444203098	3.978365594	16.56197965	5.050323171	11.10362583	4.765519201	13.74420096	2.708008418	12.90123722	2.891792985	17.4956088	3.201344863
197	9.444978331	3.946122857	16.58119535	5.034276378	11.12230139	4.756946215	13.70396527	3.103342085	12.55116813	2.920137675	17.34890267	3.229243084
198	9.436496347	3.936391437	16.72602695	4.962060985	11.16622072	4.751995202	13.55376031	3.171280145	12.64452826	2.991065668	17.36681631	3.215273412
199	9.448292325	3.924085113	16.71011894	4.937544881	11.1843963	4.735836789	13.60976297	3.190868417	13.27448796	2.976021533	17.39442441	3.197892236
200	9.446585152	3.914129278	16.71543944	4.888636224	11.19831559	4.722572722	13.61836295	3.188524046	13.33083695	2.979730479	17.80162999	3.25564047