Ntrain	Dimsum2	LOOCV2	Dimsum5	LOOCV5	Dimsum10	LOOCV10	Dimsum15	LOOCV15	Dimsum20	LOOCV20	Dimsum25	LOOCV25
1	82.45317096	0.015336761	42.39245246	21.64451934	49.54625031	29.49519295	56.75678832	26.14799913	46.58175499	30.9799973	42.35241191	39.62702299
2	34.3933011	12.42922606	33.04275342	4.067189194	34.83386719	9.98826361	44.4461366	9.331234769	25.58641472	7.697601603	30.40162953	7.090640216
3	40.03017636	9.342178066	36.29848363	2.87155724	39.29777113	5.245231079	48.92786936	7.674462967	37.78969073	5.043926517	34.07393761	4.877647939
4	41.25601375	7.706679789	34.4421341	3.47922929	42.45839862	5.396217763	53.15499636	6.506042202	49.18517124	4.335287966	44.92400776	5.25452162
5	41.47807652	6.623442164	38.38129646	2.434353002	45.33884633	4.395194859	57.58270916	5.665800773	50.10201977	4.042287611	55.22270495	5.072942777
6	41.61046728	5.916713928	41.94789951	2.456016482	46.06525143	3.671516755	57.90467921	4.761728003	58.2257765	3.8620338	58.45380891	5.78410466
7	41.70018775	5.268884563	42.18147195	1.727989824	47.7365849	4.969902514	60.8806962	4.93134773	61.99207119	6.35040502	59.17116123	5.037441337
8	42.58555448	4.857507808	45.38929195	1.613748852	48.22394106	3.982868639	60.24320212	5.222229519	64.9475132	5.100111683	60.27969585	4.474865118
9	11.36137782	6.23397631	45.32158391	1.614085005	48.55929034	3.588086303	61.63104833	4.152831354	66.48727169	4.021509755	61.09780889	4.603236223
10	13.43154726	5.820184023	44.85820731	1.920080785	48.84043456	3.244412244	61.97014239	3.346053209	66.93311997	3.604975552	61.36678818	3.964601217
11	13.55563429	5.460536514	45.91276349	1.880193403	48.60878079	3.086360224	62.48157968	3.31617763	67.19583577	3.479900889	61.44004007	3.736570251
12	11.3527112	14.54441745	46.75600453	1.843781092	52.09920163	3.121569392	62.88692889	2.764077131	67.5259116	3.121536279	61.35248574	4.112514693
13	11.04270563	13.78409329	47.56503419	1.820436675	51.7650884	3.187877118	65.73879769	2.557204729	68.94584268	2.935825515	60.57006552	4.671836197
14	11.09624384	13.21498031	48.86132087	1.660753026	51.81882127	2.66061611	65.96493848	2.199581387	70.23514565	3.14342982	60.7318417	4.496536348
15	10.86855547	12.76933489	50.75362206	2.170438215	51.78757546	2.677865341	65.68272716	2.100175748	70.56395061	2.942537655	61.55557917	4.697723376
16	10.8432114	12.34193148	51.82054465	1.68679557	51.89407793	2.419024182	65.94840462	2.131225563	71.37579122	2.562082218	61.47085507	4.46292278
17	10.85501558	11.82590319	53.88353807	1.578061615	51.85704565	2.502370829	65.77191633	2.571466014	71.50795454	2.52427007	61.72400302	4.197273737
18	10.78099635	11.13298253	54.09361052	1.396050642	51.89648666	2.403728336	66.0050834	2.294213499	71.40701335	2.473132313	61.22151755	4.438932375
19	10.66714948	10.9179534	55.04941533	2.383913786	51.73848116	2.310280611	66.75000027	2.1998001	71.97747958	2.213156074	60.38049769	4.167069882
20	10.43916187	10.67197582	54.86358755	2.307405535	51.94668666	2.248124271	67.10981411	2.278251787	71.78580458	2.285121433	60.94635381	3.983265499
21	10.40698197	10.41309893	55.02637485	2.218487922	52.78779485	2.76997912	67.2373998	2.194134018	67.86008496	3.28594511	61.03797628	3.796925163
22	11.1149624	10.30868394	55.17045026	2.162763902	52.93228058	2.659692629	67.77522566	2.050473215	67.93521845	3.038822677	60.99949675	3.645803596
23	11.21591572	10.11682676	55.15392785	2.05040602	53.27280152	2.528101322	68.05035123	2.446085485	67.89010494	2.818206465	61.03976721	3.464672106
24	11.13460744	9.933431196	55.92914646	2.040702639	53.29385087	2.365157188	67.91272432	2.276427242	67.79227285	3.208826794	60.88501762	3.357163533
25	11.01419351	9.828015462	56.06217487	1.979007207	53.24216682	2.471588799	67.89812697	2.169758037	67.69408132	2.98138866	60.67435651	3.388677039
26	10.91355009	9.645052246	11.87067053	2.629478921	54.46527729	2.437020259	67.92401827	2.075804626	68.30552947	3.046714521	60.63529871	3.297730832
27	10.83465915	9.400035149	12.92756794	2.508272267	54.43361935	2.347869985	68.05201592	1.872951647	68.23159875	2.879530044	60.70483202	3.195716325
28	11.21239269	9.357406523	13.04231676	2.323833031	54.55123365	2.292927017	68.01807687	1.953139589	68.0208669	3.013256298	61.10405964	3.099492401
29	11.12205889	9.221365731	13.04456248	2.182679907	54.854422	2.198307311	68.39724524	2.014525043	67.81814477	2.892833768	61.19924306	2.945512855
30	12.34483373	6.281778441	13.08155626	2.16837385	55.89366115	2.10031355	68.4342966	1.960340417	68.13698857	2.930308105	61.31957364	2.858918034
31	12.30537777	6.175107771	13.09600662	2.065785577	56.19659435	2.129239134	67.96530633	2.161253409	67.47661942	2.833982044	61.45600248	2.771910597
32	13.08888621	4.958771842	13.16510839	2.013994811	56.2383694	2.015368423	68.21480118	2.158203845	67.21366362	2.794535396	61.44264098	2.672500915
33	13.07899486	4.876876541	13.15480561	1.988212625	56.27928846	1.918676726	68.0693485	2.06434821	66.55062277	2.974049356	61.22931378	2.650671184
34	13.05553966	4.780555111	10.19237279	2.008303634	56.96482797	1.927842818	68.25067953	1.960532795	66.34376979	2.893942028	61.30141412	2.51389701
35	13.01526251	4.845666323	10.22934754	2.026520908	57.9771052	2.01844614	68.2750828	1.911621888	66.27804732	2.860138521	61.34152299	2.397419712
36	12.98054895	4.96857421	10.30940562	2.059517069	54.91458309	2.163226565	68.34127708	1.866385426	64.99450911	2.957213174	60.74380912	2.616330763
37	12.94119807	4.874135089	10.81510642	2.023148332	55.87099825	2.062305358	67.88029842	2.025749606	65.05368527	2.876147274	59.29933701	2.468262765
38	12.99241045	4.953007215	10.14296161	2.059176042	56.74139032	1.870594915	67.59346499	2.041946627	65.1680336	2.952107292	58.94522569	2.31639715
39	12.96717988	4.765539193	10.69219282	2.009643708	56.87376814	1.822887421	67.47791315	2.145089601	65.33795006	2.988902545	58.97362699	2.183071892
40	12.95176281	4.690063906	10.74123291	2.01479911	56.79834032	1.803497353	67.53190777	2.095266426	65.40051375	2.918248085	59.00227719	2.123730983
41	12.90943918	4.608693147	10.68110608	1.990001047	56.912117	1.721652765	67.51985489	2.017024599	65.37837139	2.956030753	59.70901919	2.249286838
42	13.01902687	4.558390496	10.65523261	2.035588724	56.96506784	1.66699846	67.51343286	1.996237387	65.43010376	2.89370041	59.21484371	2.464390702
43	12.97508093	4.49949547	10.63911067	1.979059072	56.28384116	1.824525711	67.65948277	1.970727652	65.57589326	2.888630182	59.32922116	2.568901983
44	13.03279504	4.481115412	10.56533023	1.973809542	56.19774684	1.829114121	67.67694621	1.926360864	65.52699442	2.83282164	59.26762526	2.520822087
45	12.97092842	4.392866491	10.57573014	1.944375733	56.96935601	1.897886451	67.70095326	1.896902129	65.48518171	2.768986624	59.32628098	2.175802141
46	12.91080069	4.428831839	10.52553076	1.997554117	57.0552568	1.857121159	67.35316732	1.893778228	65.52119471	2.735544348	59.17139106	2.533839799
47	12.89163513	4.363635965	10.49502641	1.957856972	57.19810676	1.853055187	67.34487764	1.916451155	65.88095378	2.670468431	58.95949312	2.824697037
48	12.86292771	4.307857033	10.42490807	1.910390483	57.26025217	1.815218955	67.12650785	1.972804998	65.92194127	2.614115352	58.9471201	2.752435029
49	13.08350913	4.19160578	10.39533454	1.906900304	57.98829393	1.82321745	66.89443809	2.041417738	66.05060144	2.5817964	59.26722708	2.717673848
50	13.03042727	4.160778797	10.10087901	1.975578237	58.05197718	1.818803753	66.78494158	2.007100637	65.53299603	2.491784947	59.27970229	2.721850826
51	13.0062532	4.108227306	10.04347234	1.978126897	57.97945644	1.832226819	67.03845351	1.987673366	65.18187355	2.57498481	59.51517723	2.718867542
52	13.0076971	4.054410536	10.01710185	1.995987744	58.16928047	1.769101759	66.73255869	2.07057017	65.18469426	2.527905931	59.68937328	2.727150368
53	12.99685002	4.007942127	10.00294156	1.989497823	58.48965216	1.740235157	66.89536135	2.057744616	65.21135305	2.473625536	59.78588444	2.785196656
54	12.95720474	4.406494828	10.11944201	1.990986253	14.43780607	2.34156776	24.79280758	2.986463935	65.37621096	2.43810273	59.71813386	2.75675596
55	12.93549404	3.915886124	10.09940764	1.957446144	17.09467931	2.316633983	25.04008923	2.705853355	65.35408294	2.438198475	59.23831329	2.80440421
56	12.93775161	4.288588424	10.05416217	1.957160165	17.27002782	2.235948471	25.25291823	2.705880564	65.3377641	2.388219022	59.21068665	2.757972892
57	12.9292398	4.247752174	10.03680403	1.919086989	17.32019245	2.201868042	25.27522699	2.584350576	65.29763792	2.351029735	59.05203993	2.729948711
58	12.89267175	4.212136985	9.856002341	1.984105626	17.32711022	2.168524736	25.74667671	2.59160709	65.33372728	2.313111796	59.2206669	2.522688781
59	12.88233303	4.171293383	9.727631426	2.004822318	17.5015655	2.133937718	25.75926514	2.526022521	65.42614242	2.286918156	59.46004383	2.441302374
60	12.8552869	4.131060342	9.69914838	2.001775656	17.47110496	2.124042296	25.87204885	2.491066417	65.421781	2.298177287	59.37056643	2.402728437
61	13.58975303	4.162519384	9.78369095	2.034015198	17.71069038	2.166243032	26.49285968	2.533935918	65.70846617	2.344926438	59.04752807	2.418343477
62	13.54204192	4.127428149	9.771662392	2.012444168	18.55144947	2.184420005	26.31369738	2.490348446	65.48345961	2.397233801	58.87927774	2.538920482
63	13.53050062	4.090459428	9.768912359	2.017318907	19.52650747	2.124483221	26.51018388	2.483475469	65.68127003	2.447476443	57.46988162	2.684025272
64	13.4848776	4.191424131	9.750459389	1.992195354	19.53365398	2.095885481	26.81836724	2.472939965	65.69816806	2.380904656	57.49676132	2.645301406
65	13.49074052	4.154806495	9.79966409	2.032882301	20.29088062	2.077689488	26.76546264	2.447891084	34.63402889	7.930541591	57.51601828	2.602531925
66	13.45682012	4.115609909	10.24941809	2.884730537	20.18086963	2.080592287	26.77630129	2.416072707	36.35998129	7.652092227	57.74636175	2.470669275
67	13.43641008	4.080518068	10.25187254	2.866046541	20.51045028	2.120597071	26.68753022	2.362633266	36.36718421	7.527797269	57.81458456	2.531457241
68	13.41804491	4.046452538	10.28765206	2.812703284	22.11706159	2.134688565	26.74938131	2.316810761	36.03853305	7.49933856	56.9263321	2.592897444
69	13.48073232	3.895794046	10.18780873	2.734313516	22.11973822	2.095327179	26.77367523	2.279472187	35.98363745	7.396193988	56.77583017	2.566456282
70	13.48880519	3.86249972	10.17097003	2.711557807	17.05964024	2.283493785	26.79691	2.276101036	35.96739255	7.325404389	56.89334825	2.535019122
71	13.46677403	3.806491169	10.15645172	2.694876662	17.47854625	2.264071299	26.84657246	2.245779749	36.02083289	7.269200911	56.89496392	2.495157039
72	13.45280757	3.771866721	10.05096787	2.882194729	17.5074971	2.245851139	26.8455616	2.216689507	36.00478643	7.209032074	57.12094441	2.570355832
73	13.43296643	3.740425606	10.05341693	2.919565227	17.5183449	2.183118448	27.00106675	2.196772882	35.9907333	7.158215045	57.13612274	2.542770432
74	13.41074202	3.706021194	9.995291475	3.147114718	17.54187544	2.169267275	26.8867343	2.259401688	35.95451573	7.089449513	57.21172938	2.519561083
75	13.38912625	3.672152478	10.00475089	3.127640903	17.56421197	2.184049031	26.81422737	2.245822488	35.95377708	7.035188213	56.83513858	2.979398153
76	13.37930546	3.643271473	10.02498503	3.103110296	16.39875489	2.193911044	26.94685453	2.264120386	36.50120367	7.021546683	56.82816888	2.939820043
77	13.35319718	3.621501559	10.04277048	3.079925931	16.45520751	2.169433013	26.98153339	2.228743752	36.49616136	6.96701479	56.82981794	2.749095899
78	13.31260973	3.59335657	10.0441049	3.018828692	16.33685617	2.167290589	26.99137111	2.193505327	36.56958898	6.868432052	56.78696002	2.87433091
79	13.29396429	3.566232552	9.790021426	2.992018017	16.32912921	2.137621502	27.25506497	2.254240875	36.7199197	6.826818411	56.36640248	2.642757537
80	11.82157606	5.314625613	9.72193685	2.991907776	16.39754613	2.161511195	27.48014265	2.254046958	36.74535186	6.772213613	56.46702432	2.615515415
81	11.81717508	5.279021696	9.659150311	3.042451078	16.19478972	2.113785246	25.34154446	2.428906037	36.64758959	6.691839589	56.03470915	2.634834712
82	11.8042917	5.238274767	9.657934948	3.014699452	16.20105588	2.087038905	25.4517482	2.380216892	36.97780756	6.674798434	55.92820791	2.595027043
83	11.79966966	5.201729915	9.688862922	3.055409685	16.80082913	2.038971436	25.42107002	2.345429252	36.96161069	6.70285081	55.39127674	2.669479743
84	11.85136717	5.054181892	9.761501831	3.044253309	17.10299417	2.056523898	25.38943312	2.304000997	36.91269455	6.66759074	55.41871642	2.64236023
85	11.82682288	5.015409918	9.783023663	3.041512595	17.41114793	2.025102031	25.58789377	2.296458015	37.11686658	6.625559301	55.33228776	2.617663944
86	11.81693686	4.97821266	9.809221065	2.999337511	17.43372527	2.005318645	25.34546743	2.470772339	36.72571936	6.596339816	45.62315622	2.552258867
87	11.8082618	4.942565339	9.823782419	2.989234213	18.70195794	2.016048761	25.42528733	2.438827235	36.72552858	6.550063872	44.48853425	2.514881292
88	12.88641427	4.448820211	9.535006167	2.61503625	18.68358873	1.995180713	25.36234167	2.474786329	36.96650668	6.529449167	44.70688675	2.52459942
89	12.27032053	4.42473317	10.84181503	2.591728192	18.67608938	1.973724827	25.35965222	2.443532074	37.32229866	6.510581351	44.87216169	2.480488677
90	12.26282559	4.394213862	10.83828462	2.575001424	14.8865536	2.15013815	25.47786406	2.416192681	37.35305804	6.474125445	44.96759726	2.458755135
91	12.43864526	4.371742814	10.83716267	2.552737558	14.91926001	2.114282346	25.36049733	2.441342799	37.34338761	6.427707134	44.10423254	2.483255941
92	12.43132586	4.341466027	10.79232807	2.518411004	14.91382047	2.073402213	25.11729831	2.54277978	33.53855537	6.139575821	44.1034027	2.526152378
93	12.48071925	4.302665492	10.81568208	2.491065555	15.21642866	2.230762168	25.14630713	2.506711415	33.23371619	6.113934246	44.23525753	2.673036991
94	12.46564814	4.272353381	10.80695167	2.473328387	15.17672598	2.202980267	25.06887844	2.478307994	33.18038428	6.072862749	44.30457432	2.649038691
95	12.47575358	4.252995039	10.77427348	2.474096939	15.1541514	2.21346324	24.98252827	2.446724171	33.17640492	6.043497438	44.21018281	2.641561035
96	12.47287472	4.216124084	10.86411926	2.427037437	15.21684463	2.181874374	18.24937948	2.418542248	33.20432078	6.001680906	44.0686554	2.668945474
97	12.46335513	4.189803573	10.853678	2.408715201	15.42367463	2.224115852	18.2801384	2.380233649	33.25316996	5.967385028	44.04072572	2.505675568
98	12.4753815	3.993480825	10.73371715	2.426925992	15.42570606	2.202588425	18.18230279	2.37491031	33.22787468	5.916647019	43.81921403	2.631677847
99	12.48351554	3.973827823	10.73329151	2.40440206	15.47229705	2.173404083	18.19740092	2.353201636	33.53726505	5.878238416	43.19787847	2.67419621
100	12.47820818	3.950119189	10.64269534	2.40512288	15.52866852	2.164959821	18.1058771	2.31535239	25.72786973	4.556141671	43.23604791	2.458470092
101	12.47099908	3.921644125	10.64142648	2.438933938	15.38449211	2.157588248	17.99650509	2.297254854	26.02075745	4.524283179	43.33885459	2.4419635
102	12.46469222	3.896276496	10.69723136	2.339538549	15.38053171	2.158442427	17.30052588	2.324807248	26.06616782	4.444352707	43.35371373	2.411026215
103	12.44341606	3.869307444	10.69810255	2.319108814	15.35004155	2.151891966	17.30369211	2.295925406	26.09745443	4.368386598	43.3630719	2.381874893
104	12.43202763	3.847367437	10.74478363	2.29576407	15.33553144	2.144174369	17.15655892	2.261947489	26.09451514	4.353843111	43.34590864	2.346691264
105	12.47357824	3.823644378	10.80867737	2.281679265	15.21825717	2.168160348	17.14981462	2.240575576	26.10300675	4.318975922	43.44251275	2.337995836
106	12.47067099	3.798417728	10.86052428	2.264072254	15.26403343	2.132917358	17.1784102	2.237612209	26.19292425	4.27735794	43.37939565	2.319079064
107	12.46093266	3.790886228	10.83220901	2.239489129	15.2584048	2.114795092	17.13097364	2.23350031	26.26137564	4.280460133	43.85931595	2.339031332
108	12.45867931	3.770638336	10.82677947	2.223287577	15.33232044	2.095484945	17.03322423	2.324773458	26.08545188	4.234838631	27.15827696	6.920292974
109	12.45305386	3.745388951	10.88651757	2.225684153	15.33999287	2.076420325	17.06222212	2.330115761	26.04479431	4.200958852	26.8944702	6.839220674
110	12.45208421	3.72045589	10.94547801	2.22903168	15.34964236	2.058409305	16.89614872	2.375835799	26.03403133	4.170264411	26.90180472	6.773640072
111	12.44780145	3.699016769	10.94452602	2.214430842	15.51643284	2.050450247	16.85310188	2.366214117	25.87364734	4.157489403	27.23642552	6.741358528
112	12.48944604	3.68613226	11.01161169	2.222793046	15.39385799	2.07548377	16.89630253	2.358908962	25.90596017	4.14578601	27.51456387	6.655513225
113	12.49372275	3.667791203	11.02107086	2.212245235	15.3994238	2.067981024	16.61399317	2.357991491	25.8387099	4.124685113	27.4758235	6.582962431
114	12.46312381	3.647724237	11.11316023	2.221266172	15.32368398	2.064436084	16.6762027	2.349918766	25.83053231	4.103681169	27.43143061	6.547781478
115	11.98768503	3.554821838	11.09415873	2.216430507	15.18155889	2.045568742	16.77457386	2.401705489	25.89582657	4.059772649	27.80557227	6.513417513
116	11.89210611	3.53879951	11.16134305	2.241172526	15.04451364	2.063373316	16.77926488	2.386038583	25.89548132	4.035797575	28.26930216	6.496148029
117	11.87488413	3.511971329	11.16418114	2.249809116	15.02158327	2.047784975	16.80844921	2.369781567	25.60739156	4.094389239	28.26487056	6.457709491
118	11.87194585	3.491828138	11.16448362	2.235475569	15.02336167	2.036273124	16.84734777	2.362641137	25.91923729	4.071517017	28.37454931	6.427285026
119	11.87144699	3.477212222	11.12500406	2.211502649	14.9953381	2.018906253	15.03378068	2.462793739	25.93088723	4.050359806	28.34558533	6.367707099
120	11.87326479	3.461799237	11.28278951	2.234677257	13.20700704	2.492842191	14.90461468	2.517774951	25.91492023	4.020451301	28.30344012	6.338442746
121	11.84744125	3.457501549	11.75757516	2.236057045	13.28789526	2.523677234	14.82827694	2.512691437	26.46064179	4.143661629	28.37040909	6.297264541
122	11.82675149	3.440647271	11.14936183	2.220238577	13.29692814	2.525065817	14.82055896	2.488650547	26.7061892	4.142914693	28.20979369	6.28325706
123	11.82353964	3.420055396	11.16896912	2.21388548	13.28349393	2.513082524	15.12242449	2.534376423	26.65913458	4.119847952	28.21056199	6.252257832
124	11.9225018	3.349769853	11.73807766	2.23197942	13.28291328	2.50195999	15.08516469	2.521097267	26.60781302	4.114407488	28.54343051	6.275299647
125	11.92242815	3.327463452	14.56155549	4.712909782	13.25200185	2.455701626	15.08247791	2.501715917	26.60669665	4.08596075	28.52201373	6.219377103
126	11.92135729	3.311752132	14.54481609	4.703319779	13.26389323	2.42971517	15.07319084	2.509949459	26.54811507	4.066447942	28.52681806	6.173233125
127	11.91503809	3.290255044	14.47975047	4.721773299	13.27743491	2.400176124	14.99340094	2.523843394	26.56469179	4.081965378	28.30501756	6.142519216
128	11.91344969	3.275503494	14.91193513	4.672019542	13.27490473	2.373190331	14.86460564	2.531052673	26.69754734	4.052626414	28.45623865	6.124269368
129	11.91012175	3.258234681	14.61006955	4.669558924	11.73815592	2.607816453	14.8687531	2.613429806	26.62404402	4.071479263	25.75373268	6.001031459
130	11.92160769	3.182988109	14.61425418	4.648692875	11.73124796	2.601485223	14.765803	2.591090165	27.3702627	4.10028721	25.74716235	5.973347422
131	11.91616089	3.115979511	14.61229412	4.632831465	11.76713592	2.565985424	14.76567229	2.556924435	27.42306836	4.083298537	25.7433147	5.945746493
132	11.90958813	3.151498044	14.59611126	4.604030365	11.8906275	2.574532305	14.72856227	2.542318374	27.4980403	4.081733179	25.60987107	5.9291731
133	11.90617862	3.151132966	14.53642145	4.586786068	11.90032675	2.554282786	14.70618528	2.533594488	27.45888474	4.06607512	25.6816542	5.901703257
134	11.90548169	3.135340452	14.31585946	4.56784441	11.82180521	2.591256949	14.54763891	2.509359753	27.35807742	4.057350483	25.8091704	5.887630485
135	11.90154038	3.088293005	14.69401258	4.466836373	11.84393167	2.580966636	14.55560361	2.492024544	27.16964298	4.063270851	25.9352196	5.965817671
136	11.88306409	3.163700734	14.61664403	4.438492841	11.84610953	2.547996814	14.43521	2.497576559	26.99672395	4.059502236	25.89240565	5.958732319
137	11.82495072	3.156550602	14.38770118	4.418005823	11.8318319	2.537816541	14.44738795	2.477179311	27.09143645	4.048477244	25.95446683	5.941317645
138	11.81654044	3.140931296	14.45206395	4.363521154	11.84091873	2.52090495	14.45688258	2.460549822	24.21993006	3.853109384	25.96528086	5.888598101
139	11.91697448	3.185129266	14.41892678	4.406752951	11.80445612	2.523894725	14.4627493	2.447710974	24.28044462	3.841026955	25.95608955	5.863864119
140	12.02100973	3.1762292	14.42835956	4.394422088	11.83326263	2.524053246	14.44129878	2.439181502	24.29629281	3.815431679	25.87624676	5.843704144
141	11.95774765	3.186624214	14.32439582	4.410219643	11.82696905	2.517571159	14.44130126	2.421025532	24.43162701	3.807065841	25.77039717	5.812653651
142	11.95114908	3.170902943	14.34511249	4.425973997	11.84646322	2.525000947	14.44167505	2.405279971	24.38912076	3.783728209	25.78049192	5.807767197
143	11.94665564	3.160024372	14.35907077	4.367012399	11.85217688	2.501379807	14.07118761	2.479024387	24.43662216	3.785670569	25.67791432	5.806150437
144	11.93590529	3.140457979	14.35840283	4.329823947	11.97767526	2.476798297	14.05746233	2.457113976	24.43867339	3.761615137	25.74950679	5.756264125
145	11.92275325	3.127360361	14.32824168	4.33141861	11.9078945	2.866931902	14.05550107	2.441776869	24.57959524	3.770866119	25.17050415	5.734337567
146	11.91693802	3.114301336	14.30238835	4.364161852	11.91077667	2.85099139	14.23636904	2.433612023	24.70692992	3.752248729	25.40121566	5.687238429
147	11.91805156	3.103985619	14.2825134	4.337506732	12.06732075	3.152183942	14.34390779	2.422132521	20.03985691	3.134893299	25.14122923	5.660326688
148	12.09659583	3.300192286	14.34976369	4.47234572	12.07507316	3.127509467	14.31271762	2.400790082	20.03895294	3.119113075	25.34946168	5.619948407
149	12.08833985	3.297660752	14.32704619	4.486952402	12.73806502	3.196560832	14.31800217	2.375107623	20.25055462	3.166842585	25.0458639	5.602011463
150	12.07889587	3.283602559	14.31900494	4.441338607	12.72898089	3.195019317	14.25838554	2.387510323	20.26453588	3.146273256	25.02136782	5.581034278
151	12.07861923	3.272796534	14.32622252	4.393084029	12.73994412	3.185370333	14.28015639	2.36801873	20.41753581	3.122387048	25.0734099	5.515179825
152	12.07774123	3.261015843	14.33511872	4.363047759	12.76573846	3.170367498	13.30583718	2.507783436	20.43407317	3.100368842	24.94360376	5.488195685
153	12.07896223	3.244508287	14.70890843	4.162463103	12.83365607	3.107033367	13.30052521	2.49749754	20.13402644	3.096975978	24.95895494	5.465930348
154	11.45975453	3.37375107	14.70591708	4.145563762	12.82073942	3.116222827	13.27139529	2.49435063	20.13479333	3.086295658	25.08766242	5.399971656
155	11.46011566	3.378493497	14.74676153	4.138086683	13.23600999	3.103563329	13.27480311	2.480344026	19.88689906	3.097279485	25.027731	5.372329245
156	11.37123829	3.376403648	14.83214899	4.112748491	13.21245483	3.064983236	13.33756757	2.648600605	20.01338966	3.086275541	25.03470767	5.340372165
157	11.37265576	4.188058345	14.81341568	4.160408701	13.20417621	3.056318849	13.23327621	2.663961278	20.1294845	3.061669384	25.12113524	5.314048392
158	11.3889074	4.204402238	14.8182918	4.139230208	12.6884733	3.089507747	13.30019441	2.659064386	19.78786259	3.103280522	25.00768474	5.31628934
159	11.38516007	4.189014936	14.81672872	4.124226182	12.65533598	3.036755353	13.54633822	2.724238464	19.79884519	3.077456525	21.70623608	4.503704198
160	11.38295669	4.175037224	14.74994434	4.144844665	12.58633333	3.139367491	13.54967253	2.710864887	18.5916835	3.156122045	21.58498249	4.486372117
161	11.3799496	4.162142677	14.84814954	4.151216496	12.52358767	3.152699386	13.56360677	2.69997232	19.15810315	3.194904377	21.58988737	4.46780062
162	11.36616069	4.154039663	14.84699466	4.131813364	14.3087177	4.647425828	12.82708698	2.610409584	19.20228771	3.181492153	19.59800636	4.369128304
163	11.3497733	4.133321734	14.85652604	4.105161667	14.13208963	4.716527243	12.77092419	2.591930273	18.70801209	3.21827808	19.71766659	4.36196343
164	11.3445378	4.119417089	14.75301725	4.135476836	14.09105759	4.642102977	12.73000454	2.567455769	18.69882077	3.213198668	18.78161699	4.197381451
165	11.34134357	4.108196296	14.76427183	4.115291297	14.1388722	4.653796315	13.02774443	2.629018073	18.57193606	3.22062914	18.77651756	4.172629041
166	11.33610195	4.095684106	14.7334267	4.081191187	13.89341443	4.903634258	13.02953184	2.613701345	18.57776978	3.206520357	18.66298857	4.194736853
167	11.33528359	4.083169368	14.71852293	4.072875291	13.8622982	4.889004977	13.01363355	2.595622519	18.79573487	3.193274047	18.61907606	4.160619984
168	11.33472567	4.066787053	14.72820627	4.134973401	13.86606305	4.870703132	13.05316216	2.578574354	18.44797336	3.194829235	18.37993588	4.174068753
169	11.35681187	4.039469543	14.54928479	4.041597345	13.866934	4.844767478	13.06373545	2.574387277	18.37465567	3.200444346	18.3564443	4.165696909
170	9.714280427	4.50746782	14.47274624	4.035943178	13.82718148	4.852197231	13.28176777	2.612302187	18.78327685	3.240095479	18.53892145	4.157602566
171	9.710003227	4.492778282	14.54491808	4.038267038	13.89913444	4.879285077	13.30093625	2.600043109	18.70821114	3.22960932	18.54136426	4.189026925
172	9.705212952	4.479182514	14.52169311	4.032658287	13.89631001	4.869307077	13.30314239	2.616706652	18.70642068	3.215314856	18.55391305	4.155212214
173	9.693837657	4.462940262	14.50880956	4.043495839	13.94525702	4.847762341	13.33497142	2.644596123	18.80759138	3.285320977	18.73706409	4.099421637
174	9.692922279	4.449601569	14.53144529	4.033485638	12.69784258	5.88623771	13.33631508	2.632812516	18.76906447	3.266145066	18.65621402	4.10251781
175	9.660977778	4.441745106	14.47011449	4.108852427	12.73789779	5.910041469	13.10517465	2.691044657	18.86703151	3.2662412	18.61686134	4.071668933
176	9.671238077	4.445489745	14.48218252	4.055627201	12.80499967	5.86114295	13.08831665	2.678330203	18.81446099	3.26052145	18.51628038	4.280286637
177	9.436892185	4.420748932	14.71588111	4.048927309	12.78075218	5.86166054	13.09009682	2.665733884	18.97568877	3.239221858	18.54453114	4.27916967
178	9.435317827	4.407340786	14.70863964	4.031805648	12.22154301	5.989062228	13.09234552	2.705079807	19.01600325	3.26185626	18.69672095	4.328587271
179	9.43979601	4.392476695	14.70574136	4.04453425	12.39380835	6.029300264	13.04975088	2.693145176	19.04450182	3.268174594	18.79766969	4.262853281
180	9.453647691	4.381485989	14.71048365	3.990482091	12.27292016	6.070217153	13.07417602	2.684966833	19.06469036	3.258426186	18.80571553	4.240730835
181	9.431501704	4.342978389	14.60742772	3.960574775	12.25676254	6.055491639	13.0754734	2.669428237	17.2698103	3.249490333	18.83138582	4.235431653
182	9.433663284	4.330780685	14.61024651	3.946385422	12.24449577	6.031294978	13.21263214	2.701323352	17.26513954	3.246166377	18.75228778	4.243663808
183	9.425855764	4.317116228	14.64697302	3.930604425	12.44647014	6.014912554	13.06209552	2.688285343	17.3826225	3.236407267	18.78244208	4.220945418
184	9.201221023	4.295168643	14.64889453	3.920495607	12.24503545	6.220259056	13.09999263	2.679356028	17.50097961	3.26766319	18.84793569	4.211184986
185	9.196419596	4.284154281	14.64886905	3.907060162	12.25476978	6.215224842	13.09630263	2.66465927	17.47389277	3.250841439	18.1140475	4.395070904
186	9.194485174	4.272111135	14.64705005	3.895175464	12.26855072	6.178447185	13.30112281	2.683790521	17.84185734	3.252798531	17.76650896	4.376168415
187	9.194113558	4.254326048	14.65052613	3.882296359	12.33150565	6.158077108	13.07790641	2.844048003	17.86549363	3.229176621	18.07988	4.347801527
188	9.177471163	4.270871911	14.70202271	3.899695903	12.39354719	6.190192041	13.04192234	2.84315606	18.01739076	3.220840062	17.75375179	4.322803656
189	9.162645044	4.241697486	14.69917092	3.887797909	12.87973809	5.37449579	13.04732011	2.855200572	17.90502177	3.214113681	18.26675623	4.253276667
190	9.161524389	4.230585942	14.58678108	3.938406903	12.88410879	5.356059199	13.03763506	2.83096192	18.22751476	3.290182244	18.09703118	4.255821203
191	9.153716264	4.218351067	14.58476348	3.921568071	12.91312365	5.363578443	13.03715437	2.792583805	18.19971675	3.288158232	17.99596386	4.288229062
192	9.16113361	4.22101763	14.66001182	3.918002543	12.91050317	5.353090525	12.85299606	2.787773329	18.19230375	3.272800325	18.24712089	4.172632752
193	9.188177866	4.213759808	14.69214137	3.748398036	12.82494937	5.390218162	12.85835498	2.78019302	17.77629822	3.305211127	18.27605282	4.162631955
194	9.182739885	4.201734414	15.06012519	3.70546786	12.8397535	5.373948901	12.78931837	3.109466689	17.69167922	3.310837627	18.29543375	4.17461444
195	8.115971089	4.569991884	15.11484784	3.735676406	12.840101	5.384363469	12.75791488	3.103747277	17.71456728	3.298015742	18.52914813	4.244348912
196	8.122585063	4.572994881	14.81391676	3.798085888	12.83992087	5.367574159	12.76237356	3.061665245	17.55900058	3.250431482	18.50836079	4.212711806
197	8.121811217	4.560757905	15.14696589	3.785609415	12.83154662	5.348799489	12.70934339	3.079543765	17.05724354	3.252046831	18.32721075	4.275952887
198	8.113766104	4.553772699	15.14753886	3.781623142	12.74842302	5.366257786	12.66343768	3.072920819	17.20624769	3.241386914	18.2219875	4.231497794
199	8.070626234	4.555419836	15.02674643	3.780777098	12.79522988	5.251654553	12.65849362	3.07334171	17.82464193	3.318657793	18.15890121	4.253315921
200	8.070447218	4.542657869	15.06392055	3.786669096	12.75268343	5.170308299	12.65811795	3.066233707	16.52894483	3.282547927	18.1628758	4.274312208