Ntrain	Dimsum2	LOOCV2	Dimsum5	LOOCV5	Dimsum10	LOOCV10	Dimsum15	LOOCV15	Dimsum20	LOOCV20	Dimsum25	LOOCV25
1	3.782867677	3.866472361	4.706164881	16.7869588	6.11643933	9.846827831	13.16476583	8.75448103	13.4954316	9.715070763	27.79832774	15.19281726
2	3.795895398	4.096280547	4.67357477	15.50818632	6.154389428	8.057006616	12.65347379	6.782605356	12.85731665	7.975928271	28.4328145	13.67510839
3	3.877843398	3.277201346	4.47605046	14.54966864	5.930055014	6.284986691	12.1092773	5.433896353	11.7130403	7.022793344	28.53800098	12.78576865
4	3.878639993	3.453842328	4.498279754	13.73915628	5.741651541	5.42754292	11.02626479	4.570425597	11.39794641	5.973858151	28.97397609	11.92928968
5	3.903222199	3.708145337	4.47776409	12.95745803	5.643570047	4.598044232	9.435944926	4.872965435	10.44886337	5.946662732	29.1828009	11.31035746
6	3.907237692	3.59059713	3.264856184	12.77080385	5.443279875	3.883217064	9.047494856	5.440995605	10.13871274	4.898547398	6.559744511	24.05375585
7	3.902880161	3.694626944	3.2367595	12.04616176	4.87465125	3.460077013	8.877379178	3.54847859	10.042513	4.3880894	6.569307774	22.62364376
8	3.899794926	3.652599094	3.137952156	11.05024058	4.976342994	3.955465997	8.590478187	3.186530733	9.648215314	3.990932272	6.454593572	21.40671223
9	2.617871621	3.868635427	3.12295659	10.50227878	4.779620221	3.132545677	8.600352061	2.881956875	9.46965504	3.734741751	6.408405667	20.30251589
10	2.619705126	3.613676562	3.099801052	10.23030961	4.618225509	3.143771344	8.250990475	2.516887299	8.973052104	3.404132859	6.282694707	18.69263461
11	2.60264727	3.451104472	3.108869353	9.911305564	4.477760632	2.713187453	8.089984813	2.240947573	8.787254011	3.01139687	6.261281615	18.06156702
12	2.580449056	3.275351535	3.104260008	9.640030352	4.508260914	2.510688838	7.824618252	2.198245669	8.506659967	3.02023031	6.146089606	17.55228077
13	2.568390438	3.213377889	3.093728963	9.372518536	4.455450751	2.3396045	7.745112331	2.264339858	8.385247857	2.969522426	6.101904168	17.10507249
14	2.558779867	3.142921398	3.070373561	9.101219373	4.421214955	2.159856105	7.624562496	2.057542495	8.260606713	2.814393119	6.075018606	16.70792866
15	2.554748736	3.091869454	3.019865753	8.901857202	4.392753661	2.009646965	7.415265275	2.121217779	8.130562313	2.58348588	6.001689327	16.2868631
16	2.558104428	3.02348747	3.024627588	8.705361437	4.371110747	1.885316703	7.308269888	2.123309512	7.975018129	2.617827612	6.029157473	15.97284642
17	2.555336822	2.962587957	2.964843473	8.563034613	4.383749739	1.809228334	7.365170177	2.350915437	7.921088817	2.536694992	6.003141177	15.21785821
18	2.549386798	2.892582836	2.887564362	8.242652405	4.311730641	1.744451461	6.974127158	2.936411497	7.772962141	2.517454274	5.980563358	14.83671789
19	2.509858792	2.838535836	2.891190185	8.090590215	4.084931815	2.077788913	6.774679129	2.807205867	7.72621809	2.378979077	5.771923748	14.44662051
20	2.507521187	2.779926893	2.862375337	8.036042804	3.948099504	1.921175715	6.486251091	2.138096743	6.420664797	2.629029752	5.556909916	14.03042112
21	2.493971188	2.718867933	2.873277733	7.876504915	3.924245818	1.839228764	6.494223157	1.934965379	6.238783907	2.363528648	4.844875499	14.10492501
22	2.489512275	2.667811499	2.853369274	7.750341967	3.901410725	1.781682904	6.485424351	1.831575708	6.204065406	2.306190021	4.778007086	13.79341743
23	2.488040933	2.629880402	2.863647287	7.557136336	3.895444593	1.689091656	6.502114544	1.582109661	6.336605095	2.197189952	4.614440518	13.5548662
24	2.479648299	2.579002922	2.7956008	7.54659247	3.883395514	1.665983539	6.326105821	1.529502223	6.362102849	2.506810279	4.583015339	13.31297291
25	2.368296831	2.641243458	2.785392964	7.431197909	3.708965799	1.697145653	5.577043306	2.121291888	5.956491629	2.522424136	4.430829636	13.03205097
26	2.370165014	2.604231407	2.776026207	7.336033726	3.688365791	1.59893191	5.523587728	1.994397483	5.907273995	2.439817888	4.410204619	12.82847463
27	2.363760431	2.564696357	2.800318133	7.220320129	3.544771026	1.656105555	5.462329157	1.948733222	5.962569468	2.394432435	4.381511003	12.65147579
28	2.353771039	2.531736688	2.792069859	7.104695952	3.542936786	1.573479183	5.427178488	10.81055043	5.923124734	2.351539546	4.418629459	12.51740444
29	2.341845503	2.61475394	2.789382049	6.995807799	3.524622083	1.503904686	5.285352206	10.88943019	5.884326886	2.30365782	4.437913225	12.35857798
30	2.342111492	2.524627152	2.819979055	7.015029166	3.447125236	1.445262764	5.266885642	10.73226617	5.846103232	2.631724032	4.427968207	12.1672208
31	2.333341404	2.350866408	2.81858667	6.907600577	3.435695637	1.400511067	5.151819187	10.3894919	5.783502722	2.357892269	4.418262168	11.92806545
32	2.330061619	2.297630403	2.829711521	6.779948447	3.437686362	1.330812654	5.017392836	10.41694812	5.660016757	2.230472755	4.395165716	11.70494623
33	2.327028736	2.26299564	2.831737663	6.668650876	3.424169803	1.308385589	4.972488208	10.28465224	5.675780454	2.220064354	4.319647789	11.53477935
34	2.33416047	2.226302286	2.839558407	6.588470812	3.299767806	1.374448833	4.944830841	10.11218833	5.658609558	2.160340637	4.318971035	11.38185827
35	2.327058736	2.189918433	2.843636278	6.481114416	3.378223973	1.451649455	4.914211543	9.930904159	5.564040192	2.068905979	4.29343595	10.8955322
36	2.315634548	2.159857067	2.847371497	6.375670866	3.3769424	1.41119559	4.927683742	9.893356297	5.509412005	2.067140685	4.300606649	10.75425069
37	2.308227362	2.12868265	2.82300829	6.355079726	3.334008514	1.355142498	4.821784605	9.769053782	5.409343972	1.707885021	4.131333181	10.49870919
38	2.300540959	2.099326011	2.817925573	6.289918276	3.23328378	1.451850037	4.593801407	9.812527114	5.417584278	1.959468692	4.110114454	10.297287
39	2.295678058	2.074538983	2.811323274	6.167910467	3.188717098	1.539573193	4.582607823	9.623787946	5.473314751	1.914725503	4.066901129	10.18505313
40	2.290306337	2.046789903	2.810761496	6.090810279	3.195058538	1.518712547	4.403191934	9.483571155	5.4788205	1.603738548	4.027493357	10.05569175
41	2.286374554	2.05098278	2.803476286	5.976896643	3.192057969	1.469533931	4.393256991	9.38645271	5.41009231	1.515521516	3.860087579	9.977033671
42	2.279759879	2.01663919	2.777226607	5.948149756	3.14540522	1.547355252	4.424379754	9.216801809	5.233974124	1.690701714	3.884260241	9.875189244
43	2.277917033	2.354774204	2.761004004	5.894431934	3.122087341	2.080326069	4.446422108	9.115064921	5.224554373	1.634325684	3.846852286	9.827058571
44	2.267823858	2.190434531	2.773993194	5.81720239	3.138753112	2.041770899	4.43517196	8.959689065	5.215953884	1.602711387	3.79372375	9.748662208
45	2.262472838	2.153763079	2.775130307	5.76988354	3.166483307	2.016414781	3.899317542	8.858177331	5.14115989	1.52340329	3.77387861	9.694985889
46	2.257003792	2.117135667	2.845282538	2.261355671	3.158814616	1.967480911	3.99450186	8.648140982	5.136469958	1.493565762	3.744558266	9.48169357
47	2.253137882	2.085986804	2.872837657	2.266764899	3.166157582	1.974016651	3.927344257	8.520881132	5.056760337	1.758758051	3.710791874	9.39380073
48	2.244284581	2.056636774	2.904293193	2.299776623	3.141227446	1.976457153	3.918144773	8.431014295	5.067471125	1.712150082	3.681264027	9.309294094
49	2.238793159	2.032472462	2.923685068	2.426493471	3.135770474	1.948439546	3.944314456	8.328882287	5.00716633	1.902665034	3.683405141	9.218070498
50	2.238055073	2.015221121	2.9234725	2.408817715	3.142018911	1.992518495	3.96069762	8.288767697	4.904284713	1.899118037	3.70685626	9.162510364
51	2.229894102	1.9925517	2.898099094	2.649579292	3.093947342	2.028207259	3.994486773	8.177033604	4.874181313	1.894979355	3.69853755	8.95927708
52	2.217366161	1.971890086	2.899721107	2.610680149	3.077089837	1.803471303	3.842042078	8.121114197	4.908302602	1.875040468	3.658175759	8.937543495
53	2.202662731	1.952232625	2.867412176	2.600562301	3.033609157	1.795790656	3.84369664	7.979677335	4.785211254	1.911177995	3.61295848	9.060348205
54	2.200606493	1.932250502	2.873963072	2.573063348	3.010054695	1.777042014	3.82248329	8.032129964	4.511429154	1.847757041	3.587119326	8.927093149
55	2.195266628	1.913805987	2.871140315	2.548738042	3.025746248	1.758613826	3.791330237	7.938163271	4.357038389	1.970648669	3.583742491	8.832008865
56	2.189059411	1.905169487	2.866285736	2.521706738	3.030899399	1.736951199	3.789876715	7.870886249	4.251031988	2.395928592	3.591652864	8.678278757
57	2.189049099	1.892665695	2.847953812	2.508523914	3.030033447	1.711344636	3.753307202	7.770425601	4.109486224	2.372430202	3.506192842	8.60039252
58	2.180210581	1.95365629	2.85025812	2.49682955	2.916682165	1.947430828	3.751506438	7.697741777	3.516756267	2.319501715	3.495315379	8.525699326
59	2.171448137	1.935294592	2.850207215	2.463855873	2.915692173	1.922754946	3.721500597	7.614567529	3.487112833	2.28864672	3.484086772	8.46155532
60	2.167754859	1.918551298	2.857498901	2.434972358	2.913290446	1.899168108	3.760442397	7.509431234	3.498712106	2.053167736	3.46935237	8.388364079
61	2.162815866	1.900898821	2.851011783	2.415949929	2.899636484	1.687249345	3.768293214	7.420312864	3.491060737	2.362291767	3.461969881	8.311249849
62	2.161097768	1.883413664	2.852397925	2.390961065	2.868661281	1.880396088	3.792697496	7.351411752	3.285154167	1.863002374	3.388056503	8.212057132
63	2.155865377	1.867349331	2.864187103	2.400802693	2.867463468	1.857358596	3.800545195	7.314904203	3.229684853	2.087787708	3.401294545	8.127918254
64	2.153898803	1.852268225	2.860534913	2.39442784	2.861407052	1.853167594	3.770199172	7.16402688	3.222470123	1.895400751	3.454445341	8.067846143
65	2.150473182	1.836245834	2.840588063	2.261677397	2.863559202	1.830355338	3.769094376	7.107420788	3.184074929	2.05037038	3.457645746	8.000481544
66	2.143379092	1.8236783	2.8403023	2.241891094	2.879489942	1.815141825	3.769513747	7.057609209	3.150746864	2.025486706	3.360440595	7.977115777
67	2.135494097	1.789768409	2.858852627	2.371717877	2.974790353	1.640217943	3.741833748	7.096730104	3.143451917	1.770151857	3.353282295	7.944604136
68	2.132783762	1.773296565	2.86206613	2.358799326	2.967432046	1.628342531	3.735908249	6.995217981	3.101996487	1.831196502	3.286184185	7.778906255
69	2.129941523	1.759936311	2.86326049	2.344711757	3.088256073	1.798420274	3.727108758	6.93074222	3.08774662	1.844348763	3.282006713	7.661023054
70	2.125744065	1.689953562	2.885647769	2.455312943	3.093350219	1.786835268	3.721130248	6.960668395	3.035256944	1.984071763	3.278975594	7.600970262
71	2.122638581	1.672630312	2.89596658	2.458384022	3.081406693	1.812488668	3.714931022	6.910106748	2.987000867	2.034512956	3.347932287	7.552129601
72	2.11752618	1.554601459	2.90882495	2.445543684	3.090798501	1.826628491	3.711173306	6.895366205	2.966172962	2.115325194	3.350630674	7.492158408
73	2.117735844	1.536664162	2.981893997	2.429061269	3.083552297	1.818539639	3.671981561	6.855306683	2.969579796	1.844034369	3.321213615	7.408883022
74	2.112710548	1.575471492	2.978744035	2.407270649	2.980003554	1.833428165	3.702341492	6.742946158	2.967388433	1.900372584	3.320484567	7.352753932
75	2.110988668	1.561331832	2.978841229	2.387132829	2.999271334	1.81883822	3.721099441	6.706893876	2.972221029	1.869115204	3.283589693	7.363788267
76	2.104682229	1.545533294	2.972586482	2.372558099	2.984248178	1.802718107	3.71548339	6.672480166	2.959231247	1.855609139	3.273916108	7.328787497
77	2.104142048	1.533624343	2.978887095	2.354695363	2.97402658	1.789735194	3.62177064	6.688314179	2.957243775	1.834502677	3.305308564	7.082200715
78	2.097454753	1.532934354	2.979443216	2.336653006	2.973423496	1.768398823	3.594890522	6.649441679	2.954277723	1.858412909	3.299932788	7.027210062
79	2.096673117	1.521614149	2.978080856	2.320431323	2.956715353	1.603228673	3.590306199	6.587434887	3.114709096	2.019488267	3.301908665	6.974681771
80	2.098216146	1.50860994	2.977789087	2.306190036	2.978637981	1.602353148	3.585564089	6.551151684	3.135795403	2.041645797	3.316400492	6.804934806
81	2.077234777	1.488480997	2.97792066	2.287084929	2.977623047	1.582480038	3.588605767	6.535771763	3.180152177	2.015787852	3.33055069	6.718834352
82	2.073580911	1.592359107	3.02818958	2.197340136	2.964008654	1.563058705	3.620337202	6.501398859	3.151848649	1.989266099	3.317230309	6.720600046
83	2.073857581	1.58474232	3.028949286	2.18030872	2.97531119	1.582094208	3.655306632	6.477534098	3.149966929	1.969718643	3.315305191	6.637092346
84	2.070599828	1.576013362	3.036191481	2.164443646	2.963725804	1.575024462	3.616742816	6.444860965	3.158929511	1.972403787	3.310061792	6.588542887
85	2.066167363	1.47032478	3.013485246	2.165594998	2.944162932	1.562170101	3.584238129	6.495945216	3.160155794	1.95427893	3.324890006	6.524175364
86	2.064453663	1.455560934	2.993205454	2.177468442	2.946350643	1.553793862	3.602699429	6.377140617	3.18733587	1.952521081	3.326509775	6.460216823
87	2.063093361	1.440821825	3.004277628	2.184749602	2.925224692	1.548926845	3.641033556	6.376494962	3.179981125	1.928528182	3.325936071	6.381607472
88	2.061198383	1.431813781	3.008509649	2.169500507	2.919525791	1.545113354	3.640770787	6.334992794	3.177329025	1.905876929	3.281353525	6.34519641
89	2.083233942	1.619398663	3.016009126	2.246972406	2.918901384	1.524305836	3.61831949	6.34150734	3.174752651	1.887301994	3.28988528	6.294646899
90	2.083340292	1.610198947	3.019564199	2.156628466	2.962837805	1.515926587	3.631752379	6.30372208	3.091140657	1.898788989	3.297751022	6.179554358
91	2.085446393	1.601944211	3.02875245	2.088339768	2.957574834	1.526826295	3.62606691	6.277226123	3.091238296	2.023774168	3.30166799	6.136353889
92	2.087241765	1.593343103	3.019416424	2.077959382	2.960127117	1.510609178	3.653811871	6.273094005	3.086587239	2.004718776	3.305375246	6.181148209
93	2.086462894	1.584234909	3.021208282	2.133149277	2.934785864	1.525447025	3.651338732	6.230109969	3.068718394	1.99723587	3.297247045	6.079393299
94	2.082807396	1.574282827	3.000695762	2.047681845	2.935724098	1.518486524	3.641182943	6.182352304	3.06787338	1.983819798	3.289366834	6.065924435
95	2.081542406	1.565317429	3.002334933	2.109413218	2.93550411	1.503239247	3.580009872	6.153766827	3.072142607	1.967181747	3.2948616	6.035558351
96	2.080131508	1.55626006	3.00097917	2.010907746	2.930337498	1.485690808	3.593191599	6.125202949	3.074846787	1.824649977	3.336282211	5.907714628
97	2.07863297	1.54734039	2.97109347	1.979525001	2.901855127	1.488007894	3.572647905	6.078213474	3.077932158	1.822299859	3.330165914	5.86779339
98	2.077803413	1.539260614	2.970030662	1.963111453	2.904320779	1.476831042	3.570926006	6.049493049	3.076948001	1.806303967	3.330027061	5.8273684
99	2.076947175	1.453461089	2.9600915	1.948807326	2.904959238	1.465845086	3.563379277	6.01942915	3.073063416	1.801329881	3.32100998	5.783293607
100	2.076518984	1.43498543	2.957221529	1.974670441	2.911466066	1.450400774	3.622402988	5.91159666	3.077508406	1.788762647	3.323017449	5.752648101
101	2.076287711	1.419618775	2.955324421	1.961224873	2.916307617	1.445200994	3.620915477	5.821334493	3.110694651	1.566068902	3.335552736	5.723254783
102	2.076303855	1.414176858	2.956578035	1.949315063	2.920107477	1.444457169	3.649383306	5.802808876	3.108655257	1.54692307	3.334878127	5.702355145
103	2.075294531	1.405222654	2.961740168	2.03270773	2.918934702	1.434729013	3.650303782	5.774523455	3.113068312	1.415678486	3.328572097	5.669450995
104	2.07255204	1.399991228	2.953561525	2.023151523	2.886071836	1.462652734	3.642571391	5.74415914	3.115688773	1.367768043	3.32190326	5.648936463
105	2.071322619	1.392128634	2.975884468	1.994829541	2.886091204	1.453749482	3.638029806	5.704049751	3.11572079	1.35297055	3.317734382	5.648544946
106	2.069611573	1.384342475	2.976051576	1.976454028	2.889609432	1.453732343	3.617576281	5.666322299	3.109613257	1.34296815	3.321941667	5.624590174
107	2.065570168	1.373985801	2.975940576	1.959504177	2.890335294	1.494167596	3.610509054	5.674465001	3.115548913	1.486170832	3.336869488	5.618937062
108	2.066221943	1.367118354	2.97729202	1.947997818	2.892303514	1.489924531	3.558210476	5.677746452	3.103243883	1.470361338	3.338921467	5.603233692
109	2.257942211	1.359038112	2.987134318	1.97108558	2.90708394	1.491312444	3.558791903	5.649265419	3.080041049	1.340567184	3.334902142	5.5734673
110	2.257876717	1.352548951	2.992314303	1.970113059	2.909957207	1.507328716	3.548402555	5.635881233	3.063659824	1.30695008	3.330316563	5.546136854
111	2.25716623	1.3451792	2.989488591	1.958724825	2.91377838	1.497030964	3.546331085	5.610604289	3.05862486	1.314737037	3.327943789	5.520818533
112	2.257799695	1.336446383	2.994277291	1.947063169	2.90981792	1.490548112	3.542149002	5.586572751	3.071383311	1.312034057	3.287526819	5.541215471
113	2.256426139	1.329942665	2.987787075	1.93293494	2.912230635	1.488039215	3.550327168	5.566647573	3.077536651	1.417462621	3.286933366	5.513595173
114	2.255643817	1.322512696	2.987432733	1.92349692	2.891036323	1.495878596	3.566260675	5.544835955	3.106213945	1.425049646	3.268824384	5.516952213
115	2.25750911	1.31717177	3.006956446	1.932761208	2.8966656	1.486787603	3.582563164	5.537833178	3.125081449	1.433759581	3.262993551	5.480676825
116	2.265012622	1.31425073	3.003379304	1.924114096	2.896771144	1.475888932	3.579457093	5.513632388	3.124637116	1.422119398	3.26110447	5.441748315
117	2.264342411	1.308087318	3.005434394	1.912741094	2.894646732	1.465793021	3.635697287	5.511320973	3.154985826	1.411990659	3.269425784	5.38117371
118	2.262353765	1.303356082	3.006802907	1.902278396	2.894744013	1.455265466	3.656029475	5.47974501	3.172491876	1.407892498	3.257151217	5.363941096
119	2.260997893	1.297488441	2.998146077	1.898715227	2.903930806	1.444452187	3.669040525	5.454505956	3.176817411	1.41454537	3.248485323	5.349707439
120	2.259645289	1.291734454	2.996331184	1.890315943	2.907608956	1.444442129	3.668060817	5.438404212	3.174528901	1.409177096	3.254114916	5.307497613
121	2.259106839	1.285585358	2.987753194	1.873349883	2.907525551	1.435835582	3.663371068	5.409206913	3.166375602	1.54141631	3.24201044	5.312017379
122	2.258877708	1.222118837	2.992424895	1.863933138	2.87038364	1.53312346	3.673926919	5.396817618	3.18488389	1.412056693	3.247438283	5.258537125
123	2.258727594	1.227614806	2.992794585	1.856577444	2.873724406	1.519494561	3.66664135	5.374060887	3.141344996	1.383872308	3.243171355	5.242366719
124	2.266143575	1.284629958	2.993746355	1.847804649	2.86845582	1.517090183	3.682508192	5.342713736	3.13627361	1.371726661	3.242813087	5.217277015
125	2.743924908	1.606195478	2.994494229	1.839849334	2.885574517	1.513951198	3.692653694	5.313785472	3.129807298	1.363231151	3.235045456	5.19903272
126	2.739191817	1.603078731	3.012843753	1.841806341	2.888038935	1.50515978	3.691335101	5.291317085	3.131563297	1.355298864	3.234421986	5.17770205
127	2.738407604	1.596594195	3.004207117	1.766703755	2.882595558	1.493338893	3.690060548	5.271411929	3.133634327	1.339952109	3.220137976	5.102271461
128	2.737910839	1.591400866	3.075758087	1.98315406	2.884682117	1.495562246	3.688036196	5.248264784	3.130459549	1.330753153	3.220207933	5.078209636
129	2.733962254	1.584509258	3.075053497	1.907603907	2.884552784	1.48524537	3.65316978	5.246827365	3.130386506	1.325319852	3.216767621	5.066567855
130	2.747744426	1.518511257	3.08024119	1.916817415	2.877525563	1.492068291	3.672008146	5.232084068	3.233224739	1.521438009	3.225679581	5.08502508
131	2.745823077	1.512503234	3.091287966	1.915681252	2.873803122	1.485527764	3.658367514	5.209563223	3.232741756	1.508691199	3.219689267	5.065030192
132	2.744697891	1.506015375	3.091292744	1.907670774	2.910845642	1.508115365	3.665309168	5.190767856	3.250325177	1.523699198	3.246531565	5.034593673
133	2.74127404	1.84363337	3.104286201	1.901114196	2.915878146	1.498333084	3.730321009	2.258570139	3.231450187	1.508903924	3.256310493	5.017626518
134	2.826458984	1.837705404	3.109951634	1.850560166	2.917711982	1.489641568	3.730460201	2.246265578	3.277024104	1.524683879	3.262427582	4.982626128
135	2.907200039	1.851175287	3.09319773	1.998931826	2.908708425	1.502763453	3.727725313	2.213167265	3.282829363	1.519310756	3.334985541	4.906161979
136	2.906188885	1.844251126	3.092409852	1.987989485	2.909735833	1.491445241	3.726713178	2.200151627	3.263074379	1.517312796	3.329656595	4.890186674
137	2.902942141	1.837748583	3.082226899	1.990724379	2.923768487	1.405347783	3.702381336	2.186321688	3.272763774	1.434770663	3.350451579	4.861101105
138	2.90245641	1.830847257	3.099979682	1.954442817	2.930548813	1.551955313	3.740191007	2.207656947	3.259194511	1.430412008	3.333405343	4.849880749
139	2.896937115	1.825134636	3.100350781	1.945434414	2.934034809	1.54749988	3.757326147	2.209627656	3.286391982	1.421075871	3.341757237	4.863075537
140	2.894709503	1.818310912	3.104574489	1.947222042	2.916775659	1.565134943	3.811647171	2.201313014	3.293709102	1.409064601	3.330911498	4.839864232
141	2.893853247	1.812407816	3.102042688	1.95109654	2.937221135	1.652366758	3.806106859	2.188937897	3.298443058	1.397453602	3.326568984	4.824696446
142	2.892915442	1.805924137	3.102679313	1.94391945	2.938507542	1.626964803	3.801397542	2.176316185	3.294907552	1.389259123	3.328910568	4.806925111
143	2.892138247	1.757967979	3.103732052	1.936111117	2.947877578	1.609988815	3.796537564	2.164153108	3.278425265	1.411406875	3.326443015	4.799528949
144	2.890756567	1.745510314	3.096936499	1.958238048	2.952160362	1.606523009	3.834984219	2.213702402	3.272989833	1.398022243	3.324983923	4.745200817
145	2.887249336	1.737014024	3.098232519	1.952563505	2.948659858	1.603602954	3.835112569	2.208030293	3.286985691	1.394554211	3.363169142	4.713169501
146	2.886508792	1.73000278	3.101049797	1.965973278	2.949488666	1.591694484	3.863552226	2.235888752	3.271315346	1.399630039	3.359610504	4.687471429
147	2.878349749	1.777195752	3.112688801	1.963921406	3.23911275	1.605721752	3.865613154	2.225000062	3.265294507	1.390686265	3.369117593	4.671874685
148	2.869324217	1.713831458	3.098106946	1.925518706	3.239156559	1.597870815	3.859654257	2.216602405	3.284058258	1.377770334	3.380263977	4.672894418
149	2.867691183	1.694762327	3.095771597	1.959889587	3.238837524	1.589551549	3.867295916	2.161029807	3.254978779	1.388575042	3.386235331	4.674217434
150	2.863937055	1.68673083	3.087642107	1.954956516	3.282717619	1.581352525	3.868996106	2.15520692	3.241141581	1.384970682	3.39170758	4.665497492
151	2.86283276	1.68029436	3.075067699	1.943272656	3.280588429	1.573418789	3.865975563	2.181206959	3.243316138	1.374263658	3.400240982	4.655118792
152	2.917043933	1.674954029	3.051653305	2.025775334	3.289249433	1.56907322	3.869154166	2.173727157	3.293968738	1.394216142	3.328911344	4.703665147
153	2.916640776	1.669329977	3.051362571	2.019854535	3.28932944	1.560552881	3.867581295	2.167126177	3.303735614	1.40061605	3.331098328	4.686281659
154	2.916460963	1.666756506	3.059045475	2.018781022	3.270647601	1.581541061	3.861445249	2.15595211	3.292383211	1.399262881	3.332133488	4.66394681
155	2.912547059	1.659731101	3.066926876	2.016786347	3.275009406	1.598491193	3.846839009	2.151316572	3.320973667	1.407518643	3.336411588	4.636449808
156	2.931974755	1.661859982	3.073046931	2.012654386	3.285210376	1.576916719	3.846969182	2.141912335	3.310824179	1.402103245	3.323791309	4.600780023
157	2.968526928	1.672115024	3.061876161	1.876199452	3.286001917	1.567402691	3.84306647	2.136113312	3.287065044	1.399135121	3.286646122	4.607134213
158	2.967764962	1.666235105	3.061329328	1.867747025	3.287137985	1.559333242	3.856326763	2.118522465	3.275011394	1.400079453	3.367333891	4.562499361
159	2.966964234	1.662579243	3.062003192	1.868625269	3.289438969	1.550137099	3.842513193	2.096111472	3.278080974	1.389241828	3.36148968	4.545434217
160	2.971913068	1.668132579	3.067302734	1.861183456	3.294952132	1.538540527	3.844658399	2.086493887	3.257199764	1.399170468	3.374687036	4.49162423
161	2.971650072	1.697308377	3.065556874	1.850882379	3.343855272	1.501862498	3.848625077	2.111853894	3.257050018	1.390476439	3.386387924	4.461095165
162	2.971242959	1.691687107	3.072979752	1.809161762	3.363435055	1.460929313	3.883080487	2.04266851	3.250307169	1.378939754	3.395613682	4.454081396
163	2.966984644	1.689950559	3.06832876	1.80039158	3.371399224	1.450363287	3.864318126	2.080229001	3.246487133	1.382284259	3.396709926	4.43286326
164	2.966263614	1.684588986	3.067879423	1.803566136	3.372398034	1.441817178	3.908150748	2.065115701	3.274980696	1.379611093	3.394857112	4.417555082
165	2.97247842	1.692209021	3.063840527	1.795596698	3.376803969	1.443152175	3.913781118	2.055763781	3.275836775	1.372527221	3.386692874	4.395866566
166	2.971975591	1.68604597	3.058303325	1.79392416	3.377615654	1.431960516	3.893720874	2.045348348	3.252232761	1.378677511	3.375994	4.391112519
167	2.971665114	1.679405738	3.062110255	1.786227352	3.377051053	1.42186298	3.901807657	2.035524243	3.226826393	1.384650834	3.376335115	4.382590207
168	2.971045291	1.678535926	3.060369922	1.778408686	3.376874463	1.414137381	3.910541357	2.033967081	3.215968374	1.424441438	3.376002535	4.366422551
169	2.970545382	1.6732488	3.06282184	1.770723245	3.382124279	1.411294546	3.913323283	2.023581402	3.278930149	1.461415168	3.355838002	4.381012095
170	2.970674809	1.667876496	3.050039246	1.810085723	3.33040389	1.524056242	3.911425014	2.015850865	3.278075581	1.457979689	3.363691346	4.340621104
171	2.970065911	1.662727039	3.049932174	1.803928438	3.32365341	1.660916542	3.915931923	2.012129638	3.226220677	1.405411623	3.377229311	4.311956961
172	2.946998319	1.654364449	3.050179016	1.799966532	3.310388879	1.652907727	3.915647296	2.002313809	3.197676291	1.406022128	3.376860574	4.297460207
173	2.946328649	1.650047483	3.049854196	1.793372101	3.294877331	1.564593832	3.916951822	1.999543004	3.165925689	1.393275783	3.38017259	4.27508278
174	2.945813215	1.644846876	3.048693983	1.787469022	3.287738299	1.536226043	3.918823005	1.991247416	3.134708437	1.410755047	3.365667806	4.257504839
175	2.945046486	1.642252948	3.055065644	1.782914792	3.288973697	1.647134416	3.911739667	1.974332467	3.091326245	1.421668087	3.390382121	4.233864935
176	2.944698999	1.637434692	3.044918272	1.774863492	3.287381407	1.641123808	3.911268844	1.968101486	3.097634456	1.413033395	3.408897595	4.22803466
177	2.716758096	1.590667931	3.044815702	1.769116847	3.265240337	1.556844017	3.910010152	1.960943169	3.126563093	1.448787278	3.410065527	4.213645337
178	2.716836022	1.587939645	3.058572903	1.767944285	3.279073438	1.54580432	3.915762645	1.957695685	3.125424075	1.440139429	3.409287508	4.197584114
179	2.709354112	1.585895428	3.056026391	1.760070524	3.261309392	1.587515286	3.924192618	2.023573075	3.148481715	1.490603179	3.408150082	4.185036936
180	2.686158685	1.58373426	3.056763216	1.766906975	3.291923484	1.57624927	3.917342266	2.010660941	3.142721745	1.484642801	3.408195939	4.18474783
181	2.686543497	1.582159905	3.057526561	1.761611385	3.294053997	1.566707673	3.917139705	2.008337443	3.134777152	1.478148058	3.421585969	4.165289276
182	2.710221239	1.609480016	3.060390572	1.725245361	3.293609398	1.570444483	3.9553728	2.024277144	3.133005031	1.471898889	3.474849144	4.209048805
183	2.69582205	1.61364418	3.06142768	1.719893066	3.278035408	1.582727697	3.955111107	2.018213687	3.149903169	1.435351091	3.441655145	4.22178578
184	2.523389563	1.653448448	3.059102073	1.720310752	3.279187382	1.593293455	3.953224435	2.010357513	3.111587273	1.444263991	3.453047941	4.21278694
185	2.387869309	1.648425644	3.144464075	2.989003155	3.283049141	1.593611926	3.956193883	2.013684267	3.131755692	1.533525498	3.455744939	4.19797597
186	2.387613633	1.644169703	3.146939409	2.967970818	3.282343092	1.587357564	3.935459342	2.006484324	3.121694827	1.52634965	3.488838062	4.128657498
187	2.394086737	2.027723523	3.151600114	2.959701546	3.288968408	1.598446335	3.965130213	2.032932179	3.128932866	1.521585331	3.492275061	4.110109829
188	2.417725013	2.022316885	3.141968138	2.993866999	3.293001302	1.586454156	3.972471933	2.085068954	3.12905337	1.513059155	3.512751936	4.090001079
189	2.418412598	2.019127652	3.141712537	2.983183128	3.491705337	1.573639498	3.977344257	2.081989822	3.12482896	1.505016757	3.520941139	4.071175949
190	2.41557816	2.014693691	3.133214036	2.972438842	3.478450552	1.575354159	3.974170566	2.079943682	3.438524554	1.509770955	3.523337545	4.055181607
191	2.415297173	2.009819587	3.133333707	2.964850388	3.478984052	1.563884382	3.994108096	2.085342238	3.436497853	1.50414723	3.524265388	4.032076928
192	2.414369459	2.004824323	3.129724602	2.972492908	3.468719461	1.606448251	3.986252214	2.143823424	3.431078722	1.4954565	3.526198513	4.021633689
193	2.411454445	2.002849811	3.130376685	2.967633419	3.586421315	1.696596903	4.031269062	2.156653185	3.426354304	1.489106212	3.513975729	4.024880032
194	2.415482822	1.856151596	3.129304885	2.955875198	3.641561533	1.693181067	4.026529504	2.148086039	3.436211543	1.453891998	3.518453242	4.011527054
195	2.415333734	1.851256139	3.128438389	2.955037058	3.648426002	1.696457304	4.034901947	2.211687567	3.413181905	1.465037338	3.521544612	3.992097929
196	2.415180013	1.846429053	3.133274437	2.949201655	3.637731593	1.796090098	4.030245045	2.202486296	3.415304485	1.456370032	3.59784882	3.997854751
197	2.413682289	1.841263066	3.135220974	2.745410544	3.898626822	1.729710047	4.030516987	2.243269124	3.431038985	1.591284288	3.578096752	3.991748429
198	2.412077046	1.83722421	3.140373972	2.978510726	3.899600172	1.685645216	4.027302381	2.232155953	3.43123667	1.581612953	3.557717735	3.99897817
199	2.391863392	1.892370511	3.133941638	2.96792863	3.919431047	1.677757436	4.022735861	2.217865597	3.440235932	1.544269767	3.549651608	3.999356959
200	2.403227722	1.888953258	3.131917749	2.954204119	3.929914399	1.66604284	4.016694867	2.209926492	3.433915945	1.608055487	3.519397828	4.029457121