Ntrain	Dimsum2	SP2	Dimsum5	SP5	Dimsum10	SP10	Dimsum15	SP15	Dimsum20	SP20	Dimsum25	SP25	Smooth2	Smooth5	Smooth10	Smooth15	Smooth20	Smooth25
1	3.76798129	0.5992	5.092281015	0.7688	6.104041293	0.7456	13.18882955	0.806	13.4954316	0.8756	27.79832774	0.9942	1	1	1	1	1	1
2	3.780915418	0.0076	4.631978174	0.0596	6.154389428	0.6918	12.65347379	0.7484	12.85317389	0.6718	28.4328145	0.8434	1	1	1	1	1	1
3	3.861245908	0.102	4.468196851	0.3356	5.89929072	0.2524	12.14716463	0.6022	11.7130403	0.8322	28.53800098	0.1538	1	1	1	1	1	1
4	3.8583287	0.003	4.498279754	0.0292	5.797531113	0.176	11.02626479	0.8138	11.39794641	0.289	28.97397609	0.672	1	1	1	1	1	1
5	3.882658504	0.0112	4.47776409	0.0002	5.670881189	0.022	9.401898188	0.8426	10.44886337	0.7578	29.1828009	0.085	1	1	1	1	1	1
6	3.890570588	0.008	3.264856184	0.8072	5.549409763	0.3576	9.047494856	0.5244	10.13871274	0.6516	6.590023697	0.958	0.121833333	0.333433333	0.374233333	0.7229	0.679666667	0.617733333
7	3.886353655	0.001	3.2367595	0.0008	4.908577228	0.5812	8.877379178	0.0244	10.042513	0.4216	6.525059818	0.165	0.022133333	0.205433333	0.346833333	0.592633333	0.604	0.479533333
8	3.883347448	0.0002	3.137952156	0.2468	5.208080344	0.54	8.623995896	0.4606	9.648215314	0.4124	6.508848448	0.0542	0.0209	0.236633333	0.321533333	0.544666667	0.560766667	0.348
9	2.617871621	0.6526	3.12295659	0.005	4.937280863	0.4506	8.507204415	0.053	9.46965504	0.0504	6.466348652	0.0548	0.112666667	0.181533333	0.354566667	0.453133333	0.430466667	0.3315
10	2.619705126	0.0314	3.115525667	0.1688	4.529886957	0.4516	8.18729764	0.652	8.973052104	0.7124	6.341959354	0.16	0.1174	0.2048	0.4005	0.426166667	0.501033333	0.246166667
11	2.60264727	0.001	3.126602406	0.0002	4.391246809	0.0528	8.144063443	0.001	8.787254011	0.4236	6.261281615	0	0.1157	0.2048	0.405633333	0.2859	0.445333333	0.232
12	2.580449056	0.0016	3.120191813	0.0234	4.416077901	0.1096	7.822379293	0.4	8.506659967	0.3972	6.146089606	0.0552	0.114633333	0.074166667	0.3643	0.265166667	0.402933333	0.081533333
13	2.568390438	0.0198	3.109156475	0	4.384401397	0	7.745112331	0.2016	8.367222004	0.263	6.101904168	0.0538	0.117766667	0.074033333	0.267433333	0.2947	0.3765	0.063
14	2.558779867	0.0018	3.070373561	0	4.428344526	0.0006	7.624562496	0.2762	8.260606713	0.2858	6.075497469	0.0664	0.118033333	0.0329	0.177533333	0.263966667	0.3554	0.065033333
15	2.554748736	0.0168	3.020945913	0.1154	4.409455858	0.0014	7.415265275	0.6152	8.130562313	0.0846	6.096121663	0.3016	0.012066667	0.0513	0.102666667	0.357666667	0.3611	0.106166667
16	2.538951019	0.0168	3.030583455	0.054	4.388253717	0.0002	7.308269888	0.0966	7.975018129	0.3696	6.01318216	0.4102	0.009633333	0.032166667	0.027433333	0.2651	0.303966667	0.147866667
17	2.536831877	0.001	2.964843473	0.0642	4.405258802	0.0452	7.365170177	0.6476	7.921088817	0.0004	5.988739336	0	0.009633333	0.042833333	0.026166667	0.372866667	0.233433333	0.147866667
18	2.529752754	0	2.887564362	0.1624	4.335009229	0.0202	6.974574406	0.536	7.772962141	0.3594	5.953304194	0.0392	0.009366667	0.066	0.011266667	0.395533333	0.227133333	0.1452
19	2.509858792	0.0022	2.891190185	0.0154	4.101794394	0.5388	6.739066568	0.3082	7.72621809	0	5.733301918	0.4278	0.006433333	0.068566667	0.101066667	0.4133	0.1833	0.207533333
20	2.507521187	0	2.856058897	0.2088	3.948099504	0.054	6.488120485	0.2856	6.41653461	0.8008	5.53329201	0.4488	0.006133333	0.103366667	0.109966667	0.414866667	0.269133333	0.271266667
21	2.493971188	0.0006	2.861970661	0.0686	3.924245818	0	6.497586362	0.0778	6.238783907	0.1344	4.844875499	0.7186	0.003433333	0.095566667	0.109733333	0.3253	0.277433333	0.340766667
22	2.489512275	0.0002	2.853369274	0.0008	3.901410725	0.0004	6.485424351	0.0864	6.204065406	0.015	4.778007086	0.062	0.000666667	0.0867	0.109766667	0.3236	0.218333333	0.282733333
23	2.488040933	0	2.863647287	0	3.895444593	0.012	6.501854262	0.0082	6.336605095	0.291	4.614440518	0.2804	0.0005	0.076	0.104233333	0.217033333	0.266766667	0.329466667
24	2.479648299	0.0002	2.784707732	0.0814	3.883395514	0.0008	6.611545195	0.193	6.362102849	0.082	4.583015339	0	0.000533333	0.0625	0.101	0.159866667	0.220533333	0.322933333
25	2.368296831	0.39	2.774424186	0.0002	3.708965799	0.3198	5.577043306	0.7734	5.956491629	0.3428	4.430829636	0.2978	0.065166667	0.059966667	0.0645	0.2374	0.277666667	0.301266667
26	2.370165014	0.0384	2.765490857	0.0012	3.688365791	0	5.523587728	0.0144	5.907273995	0	4.410204619	0	0.071566667	0.025366667	0.0555	0.1922	0.1442	0.226466667
27	2.363760431	0.0006	2.796426402	0.1026	3.544771026	0.26	5.462329157	0.3086	5.962569468	0.3858	4.381511003	0.0046	0.071566667	0.031033333	0.098833333	0.230666667	0.1861	0.107466667
28	2.353771039	0.0006	2.792069859	0.0004	3.542936786	0.0092	5.427178488	0.004	5.923124734	0.0028	4.286897109	0.415	0.071633333	0.030966667	0.1003	0.216933333	0.184066667	0.1663
29	2.341845503	0.0008	2.789382049	0.0004	3.524622083	0	5.285352206	0.2962	5.895294783	0.0002	4.304360933	0.071	0.071766667	0.031033333	0.0983	0.264933333	0.1356	0.1314
30	2.342111492	0.0534	2.834540909	0.4418	3.447125236	0.0072	5.266885642	0.0002	5.855823292	0.2448	4.294493705	0	0.080633333	0.0911	0.099366667	0.2328	0.162733333	0.1314
31	2.333341404	0	2.81858667	0	3.435695637	0.0052	5.151819187	0.3312	5.783502722	0.4044	4.274962396	0.1304	0.015633333	0.091066667	0.046933333	0.1591	0.173	0.1035
32	2.330061619	0.0064	2.829711521	0.0002	3.437686362	0	4.998174062	0.3226	5.660016757	0.2788	4.247653367	0.1696	0.0103	0.0909	0.046933333	0.210466667	0.219466667	0.131766667
33	2.327028736	0.0014	2.831737663	0.04	3.424169803	0	4.953214384	0.0626	5.675780454	0.073	4.172943827	0.068	0.010433333	0.080466667	0.0036	0.169466667	0.167333333	0.142333333
34	2.33416047	0.001	2.839558407	0	3.299767806	0.3264	4.925096939	0	5.658609558	0	4.171776332	0.0002	0.0105	0.0804	0.056466667	0.1688	0.166866667	0.0732
35	2.327058736	0	2.843636278	0.0004	3.378223973	0.2616	4.914211543	0.0562	5.564040192	0.088	4.158637198	0.0914	0.010366667	0.0804	0.100066667	0.1288	0.1815	0.0766
36	2.315634548	0.0002	2.847371497	0.0006	3.3769424	0.0016	4.927683742	0.1512	5.506738339	0.0494	4.163999919	0.0002	0.0015	0.006866667	0.099133333	0.153966667	0.148933333	0.076633333
37	2.308227362	0.0002	2.82300829	0.2402	3.334008514	0.0006	4.819059248	0.2462	5.37093603	0.0506	4.131333181	0.1578	0.001533333	0.0469	0.098366667	0.1398	0.089966667	0.0812
38	2.300540959	0.0004	2.817925573	0.0002	3.23328378	0.1724	4.588208141	0.5828	5.417584278	0.0004	4.110114454	0.0034	0.000533333	0.0469	0.1271	0.183166667	0.043566667	0.0535
39	2.295678058	0.0044	2.811323274	0.0472	3.188717098	0.041	4.577524749	0.0018	5.434411646	0.0012	4.066901129	0.0292	0.001033333	0.0481	0.133933333	0.173033333	0.0316	0.047033333
40	2.290306337	0.0002	2.810761496	0	3.195058538	0.0338	4.399285145	0.2516	5.4788205	0.0006	4.027493357	0.0108	0.0009	0.0481	0.085166667	0.214966667	0.0317	0.0488
41	2.286374554	0.003	2.803476286	0.03	3.192057969	0.0002	4.347109155	0.079	5.41009231	0	3.860087579	0.2366	0.0014	0.053033333	0.0416	0.218766667	0.017033333	0.073
42	2.279759879	0.0016	2.777226607	0.0502	3.118578086	0.042	4.379157718	0.0668	5.239782847	0.463	3.884260241	0.0088	0.001633333	0.0613	0.048333333	0.2047	0.085966667	0.074433333
43	2.277917033	0.004	2.761004004	0	3.122087341	0.0686	4.396420397	0.0066	5.230275628	0.0002	3.846852286	0.143	0.002266667	0.021266667	0.059666667	0.164766667	0.077566667	0.071966667
44	2.267823858	0.0006	2.773993194	0.0002	3.138753112	0.0292	4.388069422	0.132	5.221619863	0.0064	3.79372375	0.0492	0.0023	0.021266667	0.0358	0.089633333	0.078566667	0.0796
45	2.262472838	0	2.775130307	0.0002	3.136115134	0.0412	3.899317542	0.6394	5.145544532	0.1432	3.77387861	0.1976	0.001566667	0.013433333	0.035833333	0.1959	0.102233333	0.107666667
46	2.257003792	0.0016	2.845282538	0.5326	3.127122407	0.0182	3.99450186	0.1758	5.136469958	0	3.744558266	0.0252	0.0018	0.1022	0.033233333	0.183266667	0.102133333	0.110066667
47	2.253137882	0.0006	2.872837657	0.157	3.139222714	0.085	3.936698523	0.0084	5.060555039	0.2308	3.710791874	0.0914	0.0014	0.123366667	0.047366667	0.1715	0.1406	0.085866667
48	2.244284581	0.0004	2.904293193	0.044	3.117574574	0.1044	3.927203281	0.0002	5.071417666	0.0002	3.681264027	0.002	0.0012	0.122333333	0.057766667	0.1604	0.063466667	0.084733333
49	2.238793159	0.0002	2.923685068	0.0004	3.111640066	0	3.953717934	0	5.009511243	0.0066	3.683405141	0.001	0.000566667	0.1224	0.046333333	0.1593	0.064533333	0.061066667
50	2.238055073	0	2.9234725	0.0354	3.112110661	0.2102	3.96069762	0.0636	4.910543608	0.075	3.70685626	0.0652	0.000466667	0.128266667	0.0765	0.1479	0.075966667	0.063733333
51	2.229894102	0.0012	2.898099094	0.0422	3.067694154	0.0684	4.002695766	0.0264	4.880245713	0.0058	3.69853755	0.0002	0.000666667	0.135266667	0.081033333	0.045733333	0.053066667	0.030833333
52	2.217366161	0.0008	2.899721107	0	3.050523724	0.0008	3.842042078	0.5242	4.91485022	0.0004	3.658175759	0.3282	0.000533333	0.0465	0.078133333	0.1038	0.053133333	0.081333333
53	2.202662731	0.0004	2.867412176	0.02	3.006693082	0.0184	3.84369664	0.009	4.792937136	0.1236	3.61295848	0.263	0.0005	0.023666667	0.067033333	0.1039	0.035266667	0.109933333
54	2.200606493	0.0002	2.873963072	0.0048	3.010054695	0.0082	3.827767073	0.0168	4.511429154	0.5716	3.587119326	0.0906	0.000466667	0.017133333	0.051	0.106666667	0.1305	0.1247
55	2.195266628	0	2.871140315	0.0004	2.998140618	0.0098	3.793813943	0.2242	4.357038389	0.2196	3.583742491	0	0.000433333	0.017133333	0.052633333	0.144033333	0.166	0.124533333
56	2.189059411	0	2.866285736	0.0002	3.030899399	0	3.792323111	0	4.251031988	0.1126	3.591652864	0.0002	0.000433333	0.011266667	0.0176	0.133433333	0.172266667	0.1137
57	2.189049099	0.0002	2.847953812	0.0114	3.030033447	0	3.757364695	0.0426	4.109486224	0.155	3.506192842	0.1274	0.000266667	0.006133333	0.0062	0.136133333	0.197133333	0.1349
58	2.180210581	0.0002	2.85025812	0.0008	2.916682165	0.3482	3.755110136	0.0012	3.516756267	0.565	3.495315379	0	0.000166667	0.006266667	0.0641	0.048966667	0.291233333	0.0802
59	2.171448137	0	2.850207215	0.0002	2.915692173	0.0032	3.721500597	0.0642	3.265832391	0.0012	3.484086772	0.0004	0.0001	0.002966667	0.061566667	0.058166667	0.270833333	0.036433333
60	2.167754859	0	2.857498901	0.0116	2.913290446	0	3.718703331	0	3.498712106	0.005	3.46935237	0.0002	6.66667E-05	0.0041	0.0602	0.055366667	0.1764	0.021366667
61	2.162815866	0	2.851011783	0.0002	2.899636484	0.0004	3.72461932	0.001	3.271198317	0.0444	3.461969881	0	6.66667E-05	0.004066667	0.058633333	0.018166667	0.1472	0.021366667
62	2.161097768	0.0002	2.852397925	0	2.868661281	0.0924	3.749917875	0.0062	3.061632104	0.4478	3.388056503	0.0726	0.0001	0.004033333	0.074033333	0.0192	0.203066667	0.033433333
63	2.155865377	0	2.864187103	0.0012	2.867463468	0	3.752900168	0.0128	3.011856536	0.0206	3.401294545	0	6.66667E-05	0.002333333	0.074033333	0.014233333	0.180666667	0.0122
64	2.153898803	0.0002	2.860534913	0.003	2.861407052	0.0056	3.762948419	0.0828	3.004645081	0.0002	3.454445341	0.0022	6.66667E-05	0.0027	0.016933333	0.027833333	0.086533333	0.012566667
65	2.150473182	0.0004	2.840588063	0.0082	2.863559202	0.0016	3.761739278	0	2.966381589	0.0798	3.457645746	0.0002	0.000133333	0.004033333	0.016666667	0.017133333	0.099633333	0.012533333
66	2.143379092	0.0016	2.8403023	0	2.879489942	0.012	3.761346783	0.0044	2.931294281	0.0036	3.360440595	0.2926	0.0004	0.0021	0.018666667	0.017866667	0.0994	0.061266667
67	2.135494097	0.001	2.858852627	0.0038	2.88071494	0.0206	3.72677176	0.1956	2.919665812	0.0148	3.353282295	0.0172	0.000566667	0.0027	0.022033333	0.0503	0.094466667	0.064133333
68	2.132783762	0	2.86206613	0	2.873590019	0.0004	3.716706097	0	2.870590419	0.0552	3.286184185	0.2236	0.000533333	0.0027	0.0067	0.049266667	0.029033333	0.0893
69	2.129941523	0	2.86326049	0	2.895009333	0.0076	3.695952057	0.1744	3.08774662	0.0194	3.282006713	0	0.000533333	0.0025	0.007966667	0.0762	0.028833333	0.0893
70	2.125744065	0.0002	2.885647769	0.0844	2.899327924	0.0004	3.691738531	0.0336	3.035256944	0.0146	3.278975594	0	0.000533333	0.016066667	0.0071	0.068	0.031233333	0.088933333
71	2.122638581	0	2.89596658	0.0206	2.890202621	0.0172	3.686460977	0.0002	2.987000867	0.2616	3.347932287	0.0582	0.000466667	0.018133333	0.0097	0.068033333	0.061533333	0.0986
72	2.128182299	0.0002	2.976776158	0.0022	2.903289046	0.0576	3.683755186	0.0362	2.964231189	0.1544	3.350630674	0.0002	0.000233333	0.0185	0.0173	0.073333333	0.086666667	0.049866667
73	2.128126541	0	2.981893997	0.0002	2.893388669	0.0004	3.671981561	0.1072	2.967652498	0	3.321213615	0.0844	6.66667E-05	0.0179	0.013933333	0.0586	0.0842	0.061066667
74	2.122603354	0.0004	2.978744035	0.0004	2.890367079	0.0646	3.702341492	0.0698	2.967388433	0.1856	3.320484567	0.0006	0.000133333	0.017966667	0.024633333	0.070233333	0.105933333	0.0239
75	2.120567553	0	2.978841229	0.0002	2.914410954	0.001	3.721099441	0.0022	2.972221029	0	3.283589693	0.069	0.000133333	0.018	0.023533333	0.041533333	0.1027	0.0354
76	2.113897414	0.0002	2.972586482	0.011	2.899672563	0.0024	3.71548339	0.0146	2.958868108	0.0574	3.273916108	0.0036	0.000133333	0.005766667	0.023866667	0.038366667	0.109833333	0.036
77	2.113221093	0	2.978887095	0	2.890136089	0.0648	3.62177064	0.2054	2.956906512	0	3.305308564	0.1202	0.000133333	0.002333333	0.0318	0.072566667	0.066233333	0.046333333
78	2.105971889	0.0014	2.979443216	0	2.889125369	0	3.594890522	0.0268	2.961884149	0.095	3.299932788	0.0044	0.000333333	0.001966667	0.0222	0.071	0.056333333	0.047033333
79	2.105096895	0	2.978080856	0	2.878398067	0.0314	3.611409436	0.0006	3.114709096	0.1454	3.301908665	0.0002	0.000333333	0.001933333	0.027366667	0.053233333	0.080566667	0.033
80	2.106283192	0	2.977789087	0.0002	2.901491621	0.0066	3.60543342	0.0008	3.135537228	0.0474	3.316400492	0.0008	0.000266667	0.0019	0.0177	0.041733333	0.057533333	0.033033333
81	2.077234777	0.0164	2.97792066	0	2.900320281	0	3.607593423	0.005	3.180021901	0.191	3.33055069	0.0054	0.003	0.001866667	0.017533333	0.0422	0.089366667	0.022433333
82	2.073580911	0.0002	3.02818958	0.0706	2.887454638	0.0026	3.639928913	0.0044	3.151848649	0.026	3.317230309	0.0078	0.003	0.0118	0.017566667	0.0405	0.084133333	0.023133333
83	2.073857581	0.0002	3.028949286	0.0002	2.893636231	0.0046	3.655306632	0.1746	3.149966929	0.0004	3.315305191	0	0.003033333	0.011833333	0.007533333	0.035366667	0.0842	0.0031
84	2.070599828	0	3.036191481	0.0002	2.882027148	0	3.639377607	0.0148	3.158929511	0.0048	3.310061792	0	0.0028	0.011866667	0.007533333	0.033366667	0.069166667	0.002366667
85	2.066167363	0	3.013485246	0.0068	2.857548401	0.001	3.584238129	0.1768	3.160155794	0.0002	3.324890006	0.0266	0.0028	0.013	0.002466667	0.062733333	0.044966667	0.006766667
86	2.064453663	0	2.993205454	0.0746	2.859952517	0.0004	3.602699429	0.0116	3.18733587	0.1864	3.326509775	0.0022	0.0028	0.0254	0.001433333	0.064533333	0.068133333	0.007
87	2.063093361	0	3.004277628	0.007	2.837483631	0.0038	3.554766971	0.0852	3.186147731	0	3.325936071	0	6.66667E-05	0.026566667	0.002066667	0.0779	0.0363	0.0061
88	2.061198383	0	3.008509649	0	2.829531863	0.0004	3.555792242	0	3.183393687	0.0002	3.281353525	0.017	3.33333E-05	0.0148	0.0017	0.077166667	0.032	0.007633333
89	2.083233942	0.2542	3.016009126	0.0218	2.918901384	0	3.515595126	0.0494	3.18077536	0.0006	3.28988528	0.0706	0.042366667	0.0184	0.000933333	0.0563	0.032033333	0.0194
90	2.083340292	0	3.019564199	0	2.905904177	0.0174	3.531816218	0.003	3.096892422	0.016	3.297751022	0.0836	0.042366667	0.018366667	0.003833333	0.054333333	0.0339	0.033333333
91	2.085446393	0.0004	3.02875245	0	2.812124383	0.0212	3.532794811	0.0258	3.096826367	0.0006	3.30166799	0.0018	0.042433333	0.017233333	0.0072	0.029166667	0.033966667	0.0292
92	2.087241765	0.0002	3.019416424	0.0094	2.820214774	0.0096	3.541925009	0.083	3.091994626	0.001	3.305375246	0.0808	0.042466667	0.006366667	0.008733333	0.041066667	0.003066667	0.0423
93	2.086462894	0	3.021208282	0	2.874485626	0.0138	3.540557191	0	3.074302668	0.0904	3.297247045	0.0404	0.042466667	0.0052	0.0104	0.026866667	0.018133333	0.049033333
94	2.082807396	0.0008	3.000695762	0.0214	2.878618246	0.0006	3.53287243	0.0004	3.073509535	0	3.289366834	0.0004	0.0426	0.008766667	0.010433333	0.026933333	0.0181	0.046266667
95	2.081542406	0	3.002334933	0	2.878506147	0.0002	3.484466344	0.0284	3.077911695	0	3.2948616	0.0662	0.000233333	0.005133333	0.010466667	0.023433333	0.018	0.045533333
96	2.080131508	0	3.00097917	0	2.874039594	0.0002	3.478885698	0.0006	3.080360447	0.005	3.336282211	0.0068	0.000233333	0.005133333	0.0076	0.023033333	0.016166667	0.032733333
97	2.07863297	0	2.97109347	0.002	2.842293287	0.004	3.478716415	0.0022	3.083954908	0.0036	3.330165914	0.0002	0.000166667	0.005466667	0.004733333	0.0191	0.016666667	0.032466667
98	2.077803413	0	2.970030662	0	2.84455311	0.0002	3.477584716	0.0006	3.083375233	0.0054	3.330027061	0	0.000133333	0.0039	0.003166667	0.005366667	0.0174	0.019
99	2.076947175	0.0004	2.9600915	0.0104	2.845573518	0	3.468848539	0.038	3.079727442	0.0028	3.32100998	0.0136	0.0002	0.005633333	0.000866667	0.0117	0.0028	0.014533333
100	2.076518984	0.0002	2.957221529	0.033	2.852201239	0.0002	3.529015613	0.0746	3.08441088	0	3.323017449	0	0.0001	0.007566667	0.0008	0.024066667	0.0028	0.014466667
101	2.076287711	0.0002	2.955324421	0	2.85030296	0.0034	3.529263563	0	3.117821657	0.0056	3.335552736	0.0214	0.000133333	0.007566667	0.001333333	0.019333333	0.003733333	0.007
102	2.076303855	0	2.956578035	0	2.852394046	0.0014	3.627552562	0.059	3.11582907	0	3.334878127	0.005	0.000133333	0.007566667	0.001533333	0.029066667	0.0029	0.0067
103	2.075294531	0	2.961740168	0.0008	2.851275293	0	3.62845874	0	3.120497516	0.0528	3.328572097	0.01	0.000133333	0.007366667	0.000866667	0.0287	0.0111	0.008333333
104	2.07255204	0	2.953561525	0	2.817638668	0.0384	3.620491248	0.0004	3.122811947	0.0006	3.32190326	0.0006	0.000133333	0.007366667	0.007233333	0.028666667	0.0103	0.008433333
105	2.071322619	0	2.975884468	0.0002	2.820077906	0	3.615108664	0.0004	3.11572079	0	3.317734382	0.1072	6.66667E-05	0.005666667	0.007233333	0.0224	0.009833333	0.024033333
106	2.069611573	0	2.976051576	0	2.889609432	0.005	3.596682839	0.0648	3.109613257	0.001	3.321941667	0.005	3.33333E-05	0.000166667	0.008033333	0.020766667	0.01	0.024866667
107	2.065570168	0.0008	2.975940576	0.0002	2.883939827	0.012	3.588274202	0.099	3.115548913	0.0182	3.336869488	0.0128	0.000133333	0.0002	0.009466667	0.037266667	0.0121	0.023433333
108	2.258405347	0	2.97729202	0	2.885340217	0.0002	3.533728388	0.0478	3.117648829	0	3.338921467	0.0034	0.000133333	0.0002	0.009266667	0.0354	0.0121	0.023166667
109	2.065634088	0	2.987134318	0.0548	2.900050265	0.0002	3.534265584	0	3.093069248	0.0022	3.334902142	0	0.000133333	0.0092	0.0093	0.0354	0.003666667	0.0215
110	2.257876717	0	2.992314303	0.0024	2.90089573	0.0244	3.523447033	0.0014	3.077200456	0.0104	3.330316563	0.0006	0.000133333	0.0096	0.006966667	0.035566667	0.0053	0.0215
111	2.25716623	0	2.989488591	0.0034	2.90379859	0.0036	3.521072704	0.0004	3.072781595	0.002	3.327943789	0.0008	0.000133333	0.010133333	0.007566667	0.035566667	0.005633333	0.003766667
112	2.257799695	0	2.994277291	0	2.900999873	0	3.542149002	0.003	3.085033741	0.0012	3.287526819	0.1096	0.000133333	0.010133333	0.006733333	0.025266667	0.005666667	0.0212
113	2.256426139	0	2.987787075	0.0002	2.903055203	0.0002	3.550327168	0.0094	3.091143579	0	3.286933366	0.0014	0	0.010133333	0.004766667	0.010333333	0.002633333	0.0193
114	2.255643817	0.0002	2.987432733	0.0012	2.881961318	0.014	3.566260675	0	3.120028502	0.0146	3.268824384	0.0498	3.33333E-05	0.010333333	0.007066667	0.002366667	0.005066667	0.027033333
115	2.25750911	0.0004	3.006956446	0.0034	2.887413633	0	3.582563164	0.0274	3.125081449	0.0252	3.262993551	0.0004	0.0001	0.001766667	0.007033333	0.006933333	0.0089	0.0271
116	2.265012622	0.0002	3.003379304	0	2.887494567	0	3.579457093	0.0016	3.124637116	0.0002	3.26110447	0.0088	0.000133333	0.001366667	0.002966667	0.006966667	0.0072	0.028466667
117	2.264342411	0	3.005434394	0	2.885398407	0	3.601192923	0.268	3.154985826	0.002	3.269425784	0.0004	0.000133333	0.0008	0.002366667	0.051566667	0.0072	0.0284
118	2.262353765	0	3.006802907	0	2.885482183	0	3.619550691	0.0306	3.172491876	0.002	3.257151217	0.0002	0.000133333	0.0008	0.002366667	0.056166667	0.007333333	0.010166667
119	2.260997893	0.0004	2.998146077	0.0008	2.890781108	0.0002	3.631990777	0.0004	3.176817411	0.0164	3.248485323	0.0026	0.0002	0.0009	0.002366667	0.054666667	0.010066667	0.010366667
120	2.259645289	0	2.996331184	0	2.904792737	0.0052	3.633185204	0.001	3.174528901	0.0006	3.254114916	0	0.000166667	0.0007	0.0009	0.054833333	0.007733333	0.002066667
121	2.259106839	0	2.987753194	0	2.904733539	0	3.663371068	0.006	3.166375602	0.2128	3.24201044	0.0286	0.0001	0.000133333	0.0009	0.051266667	0.039	0.006766667
122	2.258877708	0.0002	2.992424895	0.0002	2.87038364	0.1266	3.673926919	0.0634	3.18488389	0.0078	3.247438283	0.0044	0.0001	0.000166667	0.022	0.061566667	0.040266667	0.006033333
123	2.258727594	0.0002	2.992794585	0.0002	2.872193426	0.0002	3.628516204	0.0148	3.141344996	0.0186	3.243171355	0.0032	0.000133333	0.0002	0.022033333	0.019366667	0.043033333	0.0065
124	2.266143575	0.002	2.993746355	0	2.866842716	0.0014	3.6416492	0.0042	3.13627361	0.0002	3.242813087	0	0.000466667	0.0002	0.022266667	0.014966667	0.042733333	0.006466667
125	2.743924908	0.439	2.994494229	0	2.88331771	0.0066	3.648444961	0.0056	3.129807298	0	3.235045456	0.0004	0.073566667	6.66667E-05	0.023333333	0.015833333	0.04	0.0061
126	2.739191817	0	3.012843753	0.0036	2.885732045	0	3.646934144	0	3.131563297	0.0002	3.234421986	0.0002	0.073566667	0.000666667	0.022466667	0.015666667	0.039933333	0.006133333
127	2.738407604	0	3.004207117	0.0016	2.880462866	0	3.643920727	0.0008	3.133634327	0.0004	3.220137976	0.0074	0.073566667	0.000933333	0.022466667	0.0148	0.004533333	0.0026
128	2.737910839	0	3.075758087	0.4044	2.882978184	0.0016	3.688036196	0.0016	3.130459549	0	3.220207933	0.0002	0.073533333	0.0683	0.001633333	0.0045	0.003233333	0.0019
129	2.733962254	0	3.075053497	0	2.88287636	0	3.65316978	0.0136	3.130386506	0.0006	3.216767621	0.0006	0.0735	0.068266667	0.0016	0.0043	0.000233333	0.001466667
130	2.747744426	0.0622	3.08024119	0.0078	2.875938327	0.0008	3.672008146	0.0022	3.233224739	0.1922	3.225679581	0.0002	0.083533333	0.069566667	0.0015	0.003966667	0.032233333	0.0015
131	2.831664021	0.0002	3.091287966	0.0018	2.872244076	0.0002	3.658367514	0.0578	3.232741756	0.0002	3.219689267	0.0002	0.0104	0.069866667	0.000433333	0.012666667	0.032266667	0.001466667
132	2.830614881	0	3.091292744	0	2.909328276	0.0436	3.665309168	0.0004	3.250325177	0.035	3.246531565	0.0182	0.0104	0.069266667	0.0077	0.012733333	0.038066667	0.004466667
133	2.826854135	0.2074	3.104286201	0.0126	2.914440294	0	3.730321009	0.3078	3.231450187	0.0022	3.256310493	0.0002	0.044966667	0.0711	0.0077	0.0639	0.038366667	0.003266667
134	2.826458984	0	3.109951634	0	2.916354267	0.0002	3.730460201	0.0002	3.277024104	0.1214	3.262427582	0	0.044966667	0.0037	0.007466667	0.063666667	0.0586	0.003233333
135	2.907200039	0.1274	3.09319773	0.3146	2.908034513	0.0064	3.727725313	0.1276	3.287441582	0.0204	3.334985541	0.0804	0.0662	0.056133333	0.008533333	0.082666667	0.0619	0.016533333
136	2.906188885	0	3.092409852	0.0002	2.908928775	0.0002	3.726713178	0	3.26790527	0.0066	3.329656595	0.0004	0.055833333	0.054866667	0.008433333	0.0823	0.030966667	0.016566667
137	2.902942141	0	3.082226899	0.0036	2.923132573	0.002	3.73753906	0.002	3.274425297	0.0228	3.350451579	0.001	0.0558	0.055166667	0.008733333	0.073	0.034733333	0.0167
138	2.90245641	0	3.099979682	0.021	2.930005617	0.0164	3.774354436	0.0744	3.261149399	0.005	3.333405343	0.003	0.0558	0.058666667	0.0042	0.085333333	0.029733333	0.014166667
139	2.896937115	0.0002	3.100350781	0	2.933472993	0.0002	3.791465724	0.0038	3.287826676	0.0012	3.341757237	0.065	0.021266667	0.056566667	0.004233333	0.034666667	0.029566667	0.024966667
140	2.894709503	0.0004	3.104574489	0.0002	2.916387787	0.0122	3.845495485	0.113	3.295218098	0.0004	3.330911498	0	0.021333333	0.0566	0.006233333	0.053466667	0.0094	0.024966667
141	2.893853247	0	3.102042688	0	2.936111885	0.0154	3.83982546	0.0002	3.300579957	0.001	3.326568984	0.0006	0.0001	0.004166667	0.007733333	0.032233333	0.006166667	0.011666667
142	2.892915442	0	3.102679313	0	2.937089809	0.0004	3.834671458	0.0026	3.297331591	0.0304	3.328910568	0.0004	0.0001	0.004133333	0.007766667	0.032666667	0.010133333	0.011666667
143	2.892138247	0	3.103732052	0	2.946250754	0.0046	3.829931737	0.0002	3.278425265	0.029	3.326443015	0.0002	0.0001	0.003533333	0.0082	0.032366667	0.011166667	0.011533333
144	2.890756567	0.0002	3.096936499	0.022	2.950085818	0.0008	3.869691179	0.1618	3.272989833	0	3.324983923	0.0084	0.000133333	0.0037	0.0056	0.046933333	0.010333333	0.012433333
145	2.941182012	0.0002	3.098232519	0	2.946651621	0.0026	3.870675137	0	3.286985691	0.015	3.363169142	0.1046	0.000133333	0.0037	0.006	0.0463	0.012633333	0.019033333
146	2.940326897	0	3.101049797	0.0042	2.947465875	0	3.861223303	0.07	3.271315346	0.0642	3.359610504	0.0002	6.66667E-05	0.004366667	0.003966667	0.039133333	0.023266667	0.019066667
147	2.933463623	0.0002	3.112688801	0.0046	3.176358821	0.4882	3.86412071	0.0006	3.265294507	0	3.369117593	0.0002	0.0001	0.005133333	0.082766667	0.0392	0.0231	0.019
148	2.924862088	0.0004	3.098106946	0.0036	3.176417374	0	3.858518335	0	3.284058258	0.078	3.380263977	0.035	0.000166667	0.005733333	0.0827	0.038766667	0.031033333	0.024766667
149	2.923330178	0.0004	3.095771597	0	3.176498045	0	3.864041903	0.0316	3.254978779	0.044	3.386235331	0.0426	0.000233333	0.005733333	0.081933333	0.044	0.033533333	0.031833333
150	2.919763842	0.0002	3.087642107	0.0008	3.21700872	0.0216	3.829797345	0	3.241141581	0.0022	3.39170758	0.0048	0.000233333	0.0022	0.0854	0.017033333	0.0339	0.031233333
151	2.918685017	0.0002	3.075067699	0.0012	3.214923619	0	3.826993719	0.0366	3.243316138	0.0002	3.400240982	0.0022	0.000233333	0.0024	0.084966667	0.023133333	0.031433333	0.014166667
152	2.917043933	0	3.051653305	0.0274	3.223304777	0.0008	3.830870722	0.004	3.293968738	0.0674	3.328911344	0.2032	0.000233333	0.006266667	0.0851	0.012133333	0.031966667	0.048
153	2.916640776	0	3.051362571	0	3.223622807	0.0002	3.829306523	0.0002	3.303735614	0.01	3.331098328	0	0.0002	0.0055	0.003766667	0.012066667	0.033633333	0.047966667
154	2.916460963	0	3.059045475	0.0036	3.201422271	0.0134	3.823017372	0	3.292383211	0.0016	3.332133488	0.0024	0.000133333	0.0055	0.006	0.012066667	0.0209	0.042533333
155	2.912547059	0	3.066926876	0.0092	3.204914056	0.0004	3.80892917	0.0006	3.320973667	0.0096	3.336411588	0.0002	6.66667E-05	0.007033333	0.006066667	0.0069	0.015166667	0.035466667
156	2.931974755	0.0024	3.073046931	0.0002	3.21405336	0.0012	3.809102356	0.0002	3.310824179	0.0032	3.323791309	0.0334	0.000433333	0.006933333	0.002666667	0.006933333	0.015333333	0.040233333
157	2.968526928	0.071	3.061876161	0.2218	3.214717127	0	3.80504391	0.0002	3.287065044	0.0188	3.298104848	0.0036	0.012233333	0.0437	0.002666667	0.000866667	0.018433333	0.040466667
158	2.967764962	0	3.061329328	0	3.215848197	0	3.856326763	0.0856	3.275011394	0.0022	3.367333891	0.1382	0.012233333	0.039133333	0.002533333	0.014466667	0.007566667	0.029633333
159	2.966964234	0	3.062003192	0.0024	3.218097932	0	3.842513193	0.0662	3.278080974	0.0004	3.36148968	0	0.012233333	0.039533333	0.0025	0.025466667	0.005966667	0.029633333
160	2.971913068	0.0028	3.067302734	0.0014	3.222699004	0.0002	3.844658399	0	3.257199764	0.0114	3.390172441	0.0104	0.0127	0.039166667	0.0003	0.025466667	0.0076	0.030966667
161	2.971650072	0	3.065556874	0	3.257058623	0.0566	3.848625077	0.0002	3.257050018	0	3.386387924	0.005	0.0127	0.037633333	0.009666667	0.0254	0.006	0.031766667
162	2.971242959	0	3.072979752	0.0006	3.34611879	0.0032	3.883080487	0.0086	3.250307169	0.0036	3.414955764	0.0074	0.0123	0.0377	0.01	0.0268	0.006066667	0.027433333
163	2.966984644	0	3.06832876	0.0008	3.354514306	0.0004	3.864318126	0.148	3.246487133	0.0056	3.416273406	0	0.000466667	0.000866667	0.010066667	0.051433333	0.003866667	0.026833333
164	2.966263614	0	3.067879423	0.0008	3.355482006	0.0002	3.908150748	0	3.274980696	0.0162	3.413672609	0	0.000466667	0.001	0.0101	0.037166667	0.0062	0.0038
165	2.97247842	0	3.063840527	0	3.360130912	0.0024	3.913781118	0.0006	3.275836775	0	3.386692874	0.0356	0.000466667	0.0006	0.0105	0.026233333	0.006133333	0.009733333
166	2.971975591	0	3.058303325	0.0014	3.360116285	0	3.893720874	0.0014	3.252232761	0.0232	3.375994	0.001	0	0.0006	0.010466667	0.026466667	0.0081	0.008166667
167	2.971665114	0	3.062110255	0.0002	3.360385189	0	3.901807657	0.0006	3.226826393	0.0498	3.376335115	0.0004	0	0.000633333	0.001033333	0.026533333	0.0164	0.0074
168	2.971045291	0	3.060369922	0	3.360075087	0	3.910541357	0.0012	3.215968374	0.2148	3.376002535	0	0	0.000533333	0.0005	0.0253	0.0516	0.006166667
169	2.970545382	0	3.06282184	0	3.36581075	0.001	3.913323283	0.0006	3.278930149	0.1162	3.355838002	0.1242	0	0.0004	0.0006	0.000733333	0.070033333	0.026866667
170	2.970674809	0.0002	3.050039246	0.0064	3.305312541	0.1542	3.911425014	0.0114	3.278075581	0.0006	3.363691346	0.0302	3.33333E-05	0.001333333	0.026266667	0.002633333	0.067433333	0.0319
171	2.970065911	0	3.049932174	0.0002	3.299783202	0.0022	3.915931923	0.0004	3.226220677	0.056	3.377229311	0.0172	3.33333E-05	0.001366667	0.026233333	0.0026	0.076766667	0.028833333
172	2.946998319	0.0002	3.050179016	0.0004	3.286403938	0.0004	3.915647296	0.0002	3.197676291	0.0046	3.376860574	0	6.66667E-05	0.0012	0.0263	0.0024	0.073666667	0.028666667
173	2.946328649	0	3.049854196	0	3.269867228	0.0102	3.916951822	0.0004	3.165925689	0.0038	3.38017259	0.0002	6.66667E-05	0.001166667	0.028	0.002366667	0.066	0.028633333
174	2.945813215	0	3.048693983	0	3.261827375	0	3.918823005	0.003	3.134708437	0.0046	3.365667806	0.0018	6.66667E-05	0.001166667	0.028	0.002666667	0.030966667	0.028933333
175	2.945046486	0	3.055065644	0.0004	3.265308941	0.0012	3.911739667	0.0002	3.091326245	0.1162	3.38935599	0.0006	6.66667E-05	0.001233333	0.028033333	0.0026	0.030966667	0.008333333
176	2.944698999	0	3.044918272	0.0006	3.263559948	0	3.911268844	0	3.097634456	0.0002	3.408897595	0.0652	3.33333E-05	0.000266667	0.002333333	0.0007	0.0309	0.014166667
177	2.716758096	0.1466	3.044815702	0	3.243238854	0.0942	3.910010152	0	3.126563093	0.0142	3.410065527	0	0.024466667	0.000233333	0.017666667	0.000633333	0.023933333	0.0113
178	2.716836022	0	3.058572903	0.0002	3.243073558	0.0002	3.915762645	0.0002	3.125424075	0.0002	3.409287508	0	0.024433333	0.0002	0.017633333	0.000633333	0.0232	0.0113
179	2.709354112	0	3.056026391	0.0008	3.223674443	0.0094	3.924192618	0.0584	3.148481715	0.0038	3.408150082	0	0.024433333	0.000333333	0.0175	0.0103	0.0232	0.011266667
180	2.686158685	0.0298	3.056763216	0.0114	3.256358427	0.0016	3.917342266	0.0004	3.142721745	0	3.408195939	0.0252	0.0294	0.002233333	0.017766667	0.009866667	0.022433333	0.015166667
181	2.645938936	0	3.057526561	0.0002	3.258812802	0	3.917139705	0.0002	3.134777152	0.0002	3.421585969	0.0004	0.0294	0.0022	0.017566667	0.009866667	0.0031	0.015133333
182	2.670065542	0.0008	3.060390572	0.001	3.280012419	0.0004	3.9553728	0.1534	3.133005031	0.0004	3.474849144	0.219	0.029533333	0.002266667	0.017633333	0.035433333	0.003133333	0.040766667
183	2.533532238	0.0004	3.06142768	0	3.265749726	0.0046	3.955111107	0.0006	3.149903169	0.0046	3.441655145	0.0842	0.005166667	0.002266667	0.0027	0.035533333	0.001533333	0.0548
184	2.3888479	0.0936	3.059102073	0.0022	3.26636549	0.0034	3.953224435	0.0004	3.111587273	0.0452	3.453047941	0.0006	0.020766667	0.0026	0.003233333	0.035566667	0.009033333	0.0549
185	2.387869309	0.0002	3.144464075	0.3998	3.270954281	0.0006	3.956193883	0.0008	3.131755692	0.0524	3.455744939	0.0002	0.0208	0.0691	0.001766667	0.025966667	0.017133333	0.054933333
186	2.387613633	0	3.146939409	0.0008	3.270152466	0.0004	3.935459342	0.0134	3.121694827	0	3.488838062	0.0554	0.015833333	0.067333333	0.001566667	0.028133333	0.017133333	0.059966667
187	2.394086737	0.1428	3.151600114	0.002	3.276837101	0.0032	3.965130213	0.0986	3.128932866	0.0002	3.492275061	0	0.039633333	0.067633333	0.0021	0.044533333	0.017133333	0.0599
188	2.417725013	0	3.141968138	0.056	3.281518538	0.0002	3.972471933	0.0258	3.12905337	0.0002	3.512751936	0.0336	0.0395	0.0768	0.002066667	0.023266667	0.0171	0.029
189	2.418412598	0	3.141712537	0	3.292378613	0.0008	3.977344257	0.0138	3.12482896	0.0004	3.520941139	0.0004	0.039433333	0.0768	0.001433333	0.025466667	0.0164	0.015033333
190	2.41557816	0.0002	3.133214036	0.0008	3.27591083	0.0022	3.974170566	0.0002	3.112533432	0.0072	3.523337545	0	0.023866667	0.076566667	0.001233333	0.025433333	0.010066667	0.014933333
191	2.415297173	0	3.133333707	0.0002	3.278669709	0.0004	3.994108096	0.0558	3.10287065	0.0006	3.524265388	0.0302	0.023833333	0.009966667	0.0012	0.0346	0.001433333	0.019933333
192	2.414369459	0	3.129724602	0.01	3.26073087	0.0068	3.986252214	0.1868	3.096473405	0.0004	3.526198513	0	0.023833333	0.0115	0.002266667	0.0635	0.0015	0.0107
193	2.411454445	0.0002	3.130376685	0.008	3.560812741	0.2878	4.031269062	0.0334	3.091408345	0.0002	3.513975729	0.0914	6.66667E-05	0.0125	0.0497	0.052633333	0.0015	0.025933333
194	2.415482822	0.0626	3.129304885	0	3.562806362	0.0042	4.026529504	0.0002	3.431901181	0.0344	3.518453242	0	0.0105	0.003166667	0.050366667	0.048366667	0.0072	0.020333333
195	2.415333734	0	3.128438389	0	3.570098125	0.0038	4.034901947	0.0884	3.074427188	0.0596	3.521544612	0.0004	0.0105	0.003166667	0.050866667	0.0608	0.017066667	0.020333333
196	2.415180013	0	3.133274437	0	3.560197104	0.0012	4.030245045	0.0004	3.076047528	0.001	3.59784882	0.064	0.010466667	0.003033333	0.0507	0.060833333	0.016033333	0.031
197	2.413682289	0	3.135220974	0.0856	3.833856634	0.278	4.030516987	0.0766	3.11647705	0.015	3.578096752	0.003	0.010466667	0.017266667	0.096966667	0.0643	0.018433333	0.026466667
198	2.412077046	0.0002	3.140373972	0.0006	3.834993211	0.0002	4.027302381	0.0004	3.116494927	0	3.557717735	0.006	0.0105	0.0157	0.095866667	0.033233333	0.018366667	0.027466667
199	2.404942432	0.0832	3.133941638	0.0004	3.846882688	0.0002	4.022735861	0.0024	3.093826551	0.011	3.549651608	0.0018	0.024333333	0.014433333	0.047933333	0.028066667	0.020166667	0.012533333
200	2.403227722	0	3.131917749	0.0002	3.857660461	0	4.016694867	0.0028	3.088038058	0.0002	3.519397828	0.0082	0.0139	0.014466667	0.047233333	0.0285	0.014466667	0.0139
