Ntrain	Dimsum2	SP2	Dimsum5	SP5	Dimsum10	SP10	Dimsum15	SP15	Dimsum20	SP20	Dimsum25	SP25	Smooth2	Smooth5	Smooth10	Smooth15	Smooth20	Smooth25
1	19.95553806	1	17.02681658	1	25.06356087	1	21.28526561	1	20.07746932	1	20.80576161	1	1	1	1	1	1	1
2	14.05562957	0.7936	14.35623933	0.3324	17.51134035	0.911	17.85435697	0.7298	17.15050388	0.901	11.74851163	0.9414	1	1	1	1	1	1
3	13.4085906	0.3816	13.44570906	0.7644	14.96381348	0.8718	16.78024288	0.8084	15.17617929	0.9014	10.84253725	0.6246	1	1	1	1	1	1
4	13.21992662	0	12.19062927	0.734	13.00157871	0.826	16.04417094	0.6164	12.52859429	0.7844	10.28558715	0.4606	0.5438	0.7077	0.9022	0.78865	0.8967	0.75665
5	13.01321781	0.3116	11.93163313	0.0198	12.14489562	0.7608	13.21346544	0.875	11.96622426	0.317	11.43285137	0.249	0.3717	0.46265	0.8424	0.7574	0.72595	0.5689
6	12.71403377	0.079	11.48897705	0.4002	12.10250947	0.1908	12.68872339	0.23	11.63540329	0.3292	11.82438022	0.4272	0.19305	0.4796	0.66235	0.63245	0.583	0.44035
7	12.60054983	0	11.12577415	0.2816	11.18853458	0.6316	11.76030078	0.577	11.27584805	0.308	11.81090239	0.3898	0.09765	0.3589	0.6023	0.5746	0.43465	0.38165
8	12.55734035	0	11.01561226	0.1028	10.9525497	0.0002	10.40700465	0.6972	10.9726548	0.4684	11.77484857	0.0018	0.09765	0.2011	0.39585	0.5948	0.35565	0.26695
9	12.68411858	0	9.764213504	0.6466	10.74873573	0.2746	9.449643644	0.5892	10.27188772	0.4518	12.31804478	0.13	0.01975	0.3578	0.2743	0.52335	0.38935	0.2372
10	12.45261053	0	9.479337258	0.0016	10.46080153	0.0002	9.023854907	0.4158	9.605371139	0.4828	12.37861167	0.0016	0	0.25815	0.22665	0.5698	0.42775	0.1308
11	12.18715763	0.032	9.176622225	0.1234	10.377794	0.0418	8.861553184	0.0208	9.533810451	0.0004	14.22494635	0.3228	0.008	0.2186	0.0792	0.43075	0.35085	0.11405
12	11.99713738	0	8.911927289	0.0418	10.17265833	0.0002	8.769225032	0.0052	9.520506333	0.0684	14.28758322	0.023	0.008	0.20335	0.0792	0.25775	0.25085	0.11935
13	11.95996405	0	8.725210457	0.0504	9.905644396	0	8.563524818	0.0378	8.584219473	0.5616	14.41066857	0.0044	0.008	0.0543	0.01055	0.1199	0.2783	0.08795
14	11.76476344	0	7.948242182	0.3268	9.842521644	0.0222	8.386281186	0.003	8.417197498	0.0952	12.31957228	0.3058	0.008	0.1356	0.01605	0.0167	0.1814	0.164
15	11.64853995	0.077	6.889211715	0.647	9.681810581	0	8.239551931	0	8.392433295	0.0002	12.35193922	0.0066	0.01925	0.2665	0.0056	0.0115	0.18135	0.08495
16	11.39203591	0.0026	6.43918055	0.4296	9.29117882	0.379	8.138869108	0	8.337261973	0.0296	12.9054246	0.0002	0.0199	0.36345	0.1003	0.0102	0.17165	0.07925
17	11.17426675	0	6.233121865	0	9.056844972	0.0222	8.047194777	0.0726	8.198743226	0.0022	12.81855949	0.089	0.0199	0.35085	0.10585	0.0189	0.0318	0.1004
18	10.78476688	0.0728	5.950588712	0.1728	8.701233812	0.1494	7.937799536	0.0022	8.144817166	0.2046	11.46153401	0.5578	0.0381	0.31235	0.13765	0.0187	0.05915	0.1634
19	7.071830322	0.8042	5.831803644	0.0004	8.502346912	0	7.937981069	0.0002	8.063125007	0.0128	11.69977562	0.2756	0.2199	0.1507	0.13765	0.01875	0.0623	0.23065
20	6.771515325	0.038	5.704820441	0.0736	7.911307986	0.2662	7.410606587	0.5698	7.994558593	0.0188	12.3705282	0	0.22875	0.0617	0.10945	0.1612	0.0596	0.2306
21	6.61738887	0.0078	5.529805351	0.0086	7.850397051	0	7.153065423	0.1384	7.991508351	0.0028	11.18448743	0.2862	0.2307	0.06385	0.1039	0.17765	0.05975	0.2799
22	6.641489571	0.1242	5.439839945	0	7.186959077	0.3944	7.090258383	0.0076	7.936030117	0.0008	11.25330141	0.0024	0.24355	0.02065	0.16515	0.179	0.0088	0.14105
23	6.463918636	0.0004	5.384798773	0.0004	6.929218108	0.089	6.95488587	0.0152	8.004361953	0.0002	11.25836754	0.026	0.0426	0.02065	0.1874	0.18275	0.00565	0.07865
24	6.337879496	0.0304	5.183160041	0.0954	6.903537246	0.0012	6.942963546	0	7.970088556	0.1898	11.27660585	0	0.0407	0.0261	0.12115	0.0403	0.0484	0.07865
25	6.259102694	0	5.07813278	0.0036	6.775648216	0.1108	6.813038374	0.0626	7.809810383	0.177	11.31340506	0	0.03875	0.02485	0.14885	0.02135	0.09195	0.0071
26	6.152778347	0.002	4.98265112	0	6.776948229	0	6.782568079	0	7.894422909	0.0004	11.10487989	0.2584	0.0082	0.02485	0.05025	0.01945	0.09185	0.0711
27	6.008549247	0.002	4.8366594	0.0028	6.418351487	0.1618	6.656177674	0.4716	7.77951961	0.0384	11.15424776	0	0.0086	0.02545	0.06845	0.13355	0.1014	0.0646
28	5.756676875	0.0012	4.777146833	0.0004	6.258515133	0.009	6.606275587	0	7.725835514	0.0274	12.04106451	0	0.0013	0.0017	0.0704	0.13355	0.0608	0.0646
29	5.695312768	0.0002	4.607564029	0.0614	5.801086703	0.4946	6.48089747	0.0062	7.619060624	0.034	9.868866168	0.4468	0.00135	0.01615	0.16635	0.11945	0.02505	0.1763
30	5.630211631	0.0004	4.582232374	0	5.705193446	0.0076	6.481729974	0.0008	7.532550727	0.0002	9.781339222	0.0056	0.00095	0.01615	0.16825	0.11965	0.025	0.1131
31	5.48194385	0.0032	4.51592136	0	5.646376122	0.0022	6.431996474	0.1688	7.48703786	0.0246	9.800138519	0.0004	0.00125	0.01545	0.12835	0.04395	0.02155	0.1132
32	5.452427627	0.0082	4.447835214	0.0108	5.639097867	0	6.402250983	0.098	7.34943574	0.0678	9.817119059	0.0002	0.003	0.01805	0.1261	0.06845	0.03165	0.11325
33	5.401465087	0.0004	4.412167796	0	5.341112059	0.0362	6.37552624	0	7.195800622	0.0012	9.75764424	0.0016	0.00305	0.0027	0.0115	0.0669	0.02345	0.00195
34	5.363726253	0	4.336918804	0	4.849978951	0.2202	6.580374831	0.0882	7.119953709	0.0272	9.742342888	0.0004	0.00295	0.0027	0.06465	0.08875	0.0302	0.00065
35	5.358328978	0.0004	4.300074877	0	4.74784736	0.0584	6.485440624	0.0776	7.069004629	0.0068	9.675060878	0.0044	0.00225	0.0027	0.0787	0.06595	0.02575	0.00165
36	5.283241406	0.0004	4.27413214	0.0002	4.747855791	0.001	6.668715194	0	6.995713112	0	9.747403345	0.012	0.0003	0.00005	0.07895	0.04145	0.0088	0.0046
37	5.178705396	0.0004	4.114499026	0.0392	4.487165368	0.1472	6.394857735	0.1858	6.129666423	0.4966	9.583909135	0.0038	0.0003	0.00985	0.1067	0.0879	0.13265	0.00515
38	5.100517007	0	4.030358981	0.0004	4.014919034	0.3502	6.04327655	0.2132	6.057071105	0.0002	9.350329935	0.0442	0.0003	0.00995	0.1392	0.11915	0.1259	0.0161
39	5.042668242	0	3.934950929	0.0014	4.016212334	0.0002	6.015097341	0.0002	6.019789751	0.0018	9.376538883	0.0412	0.0002	0.0103	0.12465	0.0998	0.12465	0.0253
40	4.976055105	0	3.850004454	0.0202	3.978920227	0.0002	5.5426899	0.2706	5.330454297	0.3782	8.115650107	0.1222	0.0001	0.0153	0.12445	0.16745	0.2192	0.05285
41	4.901971668	0.0004	3.972703738	0.0002	3.971183711	0.001	5.291809598	0.1286	5.251536542	0.012	8.056866115	0.0002	0.0001	0.00555	0.0879	0.15315	0.09805	0.05195
42	4.794427195	0.0004	3.921125809	0.0004	3.726031656	0.1776	5.064146541	0.0468	4.237111589	0.5596	8.073580119	0	0.0002	0.00555	0.04475	0.11155	0.2379	0.0409
43	4.736426255	0	3.898753924	0	3.719077078	0.0002	4.790964148	0.1042	4.25635034	0.028	7.850462483	0.1108	0.0002	0.0052	0.04475	0.13755	0.24445	0.0583
44	4.741229346	0.0002	3.887730344	0.0002	3.709714405	0.0002	4.730815555	0.0006	4.25456532	0.0002	7.751244279	0.0086	0.00025	0.0002	0.04475	0.07005	0.14995	0.0299
45	4.759026945	0.0004	3.729797108	0.581	3.682707832	0.0082	4.796761893	0.0004	4.02776299	0.1326	7.735783348	0.0006	0.00025	0.1454	0.04655	0.038	0.1801	0.03
46	4.660959948	0.0004	3.724321169	0.002	3.689609312	0.0008	4.716703045	0.0018	4.018441779	0	7.52371993	0.0366	0.00025	0.1458	0.00235	0.02675	0.0402	0.03915
47	4.556191547	0.0006	3.647692477	0.0118	3.687927172	0	4.350454641	0.2794	4.001875971	0.0006	7.52802361	0	0.0004	0.14875	0.0023	0.07055	0.03335	0.01145
48	4.464027596	0.0004	3.656701715	0.0124	3.665962819	0.0002	4.311824247	0.0004	3.951938389	0.0092	7.504056993	0.0002	0.00045	0.1518	0.0023	0.0705	0.0356	0.00935
49	2.807468575	0.5166	3.643284708	0	3.91686424	0.004	4.132956787	0.082	3.792191045	0.1324	6.388822614	0.0708	0.1295	0.00655	0.00125	0.0909	0.03555	0.0269
50	2.773396974	0.003	3.617498008	0.0356	3.910719203	0	4.081337306	0.002	3.728695501	0.0078	6.30122036	0	0.13015	0.01495	0.00105	0.09095	0.0375	0.01775
51	2.733061307	0.0022	3.524579256	0.0012	3.926635179	0.0636	4.052615371	0.0068	3.719949257	0	6.234918612	0.0006	0.13055	0.0123	0.01695	0.0228	0.03735	0.0179
52	2.705642628	0.0004	3.54326163	0.0004	3.927632366	0	4.026432465	0.1892	3.670419938	0.0026	5.973119351	0.2494	0.13055	0.0093	0.0169	0.07	0.0357	0.0802
53	2.686301611	0.0006	3.543683086	0	3.930614616	0	3.942935994	0.0006	3.644241655	0.002	5.942173384	0.003	0.00155	0.0093	0.0159	0.04965	0.0031	0.06325
54	2.661482546	0.0002	3.532271577	0	3.900487047	0.0002	3.9413924	0.0002	3.653991714	0	6.01021812	0.0004	0.00085	0.0004	0.01595	0.0492	0.00115	0.06335
55	2.643410129	0.0002	3.585093578	0	3.358296139	0.4364	3.915380879	0.0008	3.649782875	0	5.948833987	0.0026	0.00035	0.0001	0.10915	0.0477	0.00115	0.06385
56	2.620305911	0.0004	3.484395553	0.0002	3.369304065	0.0002	3.865768211	0.0012	3.568646651	0.0116	5.947016084	0.0004	0.00035	0.00005	0.1092	0.0007	0.0034	0.0016
57	2.603443893	0	3.440096516	0	3.320637935	0.007	3.828863576	0.0004	3.603985038	0.0034	6.028000689	0.0136	0.0002	0.00005	0.11095	0.00065	0.00375	0.00425
58	2.58093739	0.0002	3.440303109	0	3.293479143	0.0008	3.788260609	0.0108	3.542574077	0.002	6.019518482	0	0.0002	0.00005	0.1111	0.0033	0.00425	0.00415
59	2.567547354	0	3.418977493	0	3.292850164	0	3.786439348	0.0202	3.557072994	0.0004	6.016398389	0.0002	0.00015	0.00005	0.002	0.00815	0.00435	0.00355
60	2.550245662	0.0002	3.490801474	0.0392	3.295475868	0	3.775757574	0.0004	3.543022745	0.001	5.943616694	0.0056	0.0001	0.0098	0.00195	0.00795	0.0017	0.00485
61	2.534686966	0.0002	3.433911331	0	3.327246594	0	3.775237884	0	3.480048107	0.0276	5.972374505	0	0.00015	0.0098	0.0002	0.00785	0.00775	0.00145
62	2.390289312	0.1158	3.500649191	0.0034	3.501734669	0.0018	3.757641894	0.0008	3.560446134	0.1238	5.996182308	0.0002	0.02905	0.01065	0.00045	0.00535	0.0382	0.0015
63	2.387241449	0.0002	3.50188381	0	3.514287386	0.0014	3.755583892	0.0002	3.561273149	0	5.973522869	0.004	0.0291	0.01065	0.0008	0.00035	0.0381	0.00245
64	2.371993878	0.0012	3.524906646	0.0002	3.522204552	0	3.748584964	0.0002	3.565171481	0.0066	5.891131805	0.005	0.02935	0.0009	0.0008	0.0003	0.0395	0.0023
65	2.536625148	0.278	3.529395658	0	3.52715064	0	3.759767167	0	3.55812996	0.0002	5.897680714	0	0.0988	0.0009	0.0008	0.0003	0.03265	0.0023
66	2.53274925	0	3.524551468	0	3.512934834	0.001	3.745313682	0.0006	3.557744165	0.0006	5.829383864	0.0002	0.06985	0.00005	0.0006	0.00025	0.00185	0.0023
67	2.528991754	0	3.531283298	0	3.518942903	0	3.752015995	0.0002	3.578111102	0.0008	5.842100022	0	0.0698	0.00005	0.00025	0.00025	0.00205	0.0013
68	2.520655917	0.0004	3.534949087	0	3.572381503	0	3.702769936	0.1008	3.598884478	0.0002	5.891158249	0.0002	0.0696	0	0.00025	0.0254	0.00045	0.0001
69	2.506219151	0.0002	3.534461618	0	3.557731973	0	3.712988406	0.0006	3.59677868	0	5.845401142	0.0006	0.00015	0	0.00025	0.02555	0.0004	0.00025
70	2.474441702	0	3.517989736	0.0004	3.556083058	0.0002	3.717288655	0.0006	3.597218004	0	5.896493699	0	0.00015	0.0001	0.00005	0.02555	0.00025	0.0002
71	2.460296554	0.0006	3.541042165	0.009	3.538266375	0.0002	3.728986131	0.003	3.581778148	0.0262	5.897384119	0	0.0003	0.00235	0.0001	0.02625	0.0066	0.0002
72	2.444784794	0.0004	3.538741389	0	3.538078197	0.0004	3.7301179	0	3.516653276	0.135	5.892318628	0	0.0003	0.00235	0.0002	0.00105	0.0403	0.00015
73	2.42729859	0.001	3.537240839	0	3.499543472	0.034	3.730382082	0	3.490640272	0.003	5.736482182	0.132	0.0005	0.00235	0.0087	0.0009	0.04105	0.033
74	2.415810358	0.0004	3.537968682	0	3.499246725	0	3.707259908	0.0028	3.633151099	0.0006	5.740071612	0	0.0006	0.00225	0.00865	0.00145	0.0412	0.033
75	2.408078837	0	3.512386711	0.0042	3.493031657	0	3.707581662	0.1028	3.641756941	0	5.684023161	0.01	0.00045	0.00105	0.0086	0.0264	0.03465	0.0355
76	2.401639318	0.0004	3.519931225	0	3.498088573	0	3.707183373	0	3.484277171	0	5.715707032	0.0008	0.00045	0.00105	0.0085	0.0264	0.0009	0.0357
77	2.395438263	0.0004	3.517074251	0	3.49566438	0	3.704934445	0	3.662673645	0.0002	5.678504296	0.0004	0.0003	0.00105	0	0.0264	0.0002	0.0028
78	2.402078253	0	3.533109984	0	3.501342569	0	3.708388023	0.0002	3.472038607	0.0004	5.65615735	0.008	0.0002	0.00105	0	0.02575	0.00015	0.0048
79	2.399199216	0	3.532417301	0	3.508775329	0	3.697128022	0.0166	3.605083421	0.0006	5.64392078	0	0.0002	0	0	0.0042	0.0003	0.0023
80	2.388470647	0.0004	3.524755856	0	3.523384869	0.0002	3.723788346	0.0018	3.415398203	0.0028	5.644169196	0.0002	0.0002	0	0.00005	0.00465	0.001	0.00215
81	2.387706876	0.0002	3.525090883	0	3.530144225	0	3.726312901	0.001	3.564278993	0.0158	5.64651833	0	0.00015	0	0.00005	0.0049	0.0049	0.00205
82	2.384479016	0.0004	3.528724805	0	3.539091382	0	3.723401409	0.0004	3.564256137	0	5.649265729	0	0.00025	0	0.00005	0.00495	0.0048	0.00005
83	2.38442928	0	3.521414658	0	3.542373003	0.015	3.720100935	0.0004	3.567753759	0.0002	5.617417584	0	0.00025	0	0.0038	0.0009	0.0047	0.00005
84	2.383300381	0.0002	3.502798792	0.0226	3.556471054	0	3.773336097	0.0248	3.541626343	0.0002	5.618268587	0	0.0002	0.00565	0.00375	0.00665	0.00405	0
85	2.37709408	0.0006	3.500846887	0	3.568025107	0	4.008446801	0	3.542558694	0	5.619573376	0.0004	0.0003	0.00565	0.00375	0.0064	0.0001	0.0001
86	2.370852859	0.0006	3.504648255	0	3.56376365	0	4.080089726	0.001	3.538699297	0.0002	5.553858492	0.0168	0.00035	0.00565	0.00375	0.00655	0.00015	0.0043
87	2.369632783	0	3.505010528	0	3.559194006	0.019	4.080495469	0	3.553989645	0.0034	5.578034083	0	0.00035	0.00565	0.00475	0.00645	0.00095	0.0043
88	2.368286051	0	3.484195257	0	3.53987563	0.0002	4.083004807	0	3.542499664	0.0002	5.462433445	0.0008	0.0003	0	0.0048	0.00025	0.00095	0.0045
89	2.367157373	0.0002	3.483778033	0	3.53956432	0.0298	3.997462995	0.0046	3.541253028	0.0002	5.463080137	0	0.0002	0	0.01225	0.0014	0.001	0.0044
90	2.365011673	0.0002	3.475840378	0	3.556315728	0.0004	4.07757467	0.0018	3.520550438	0.0006	5.322546787	0.0472	0.0001	0	0.01235	0.0016	0.0011	0.012
91	2.360127057	0.0008	3.473305264	0	3.514085594	0.003	4.067067227	0.0002	3.5105934	0	5.214484485	0.0012	0.0003	0	0.00835	0.00165	0.00025	0.0123
92	2.357121336	0.0008	3.492181695	0.1338	3.517137374	0	4.067401328	0.0008	3.514068583	0	5.215751718	0.0002	0.0005	0.03345	0.0083	0.00185	0.0002	0.01215
93	2.354793576	0.0002	3.52047268	0	3.51884111	0	4.067005593	0	3.517100782	0.0004	5.205109033	0.0004	0.0005	0.03345	0.00085	0.0007	0.00025	0.01225
94	2.353707021	0.0002	3.530167452	0	3.547611801	0.0004	4.066399479	0	3.523308868	0	5.209033021	0.0004	0.0005	0.03345	0.00085	0.00025	0.0001	0.00055
95	2.365329658	0.0002	3.58736336	0.0018	3.551492718	0.0002	4.004927207	0.0064	3.50557904	0	5.208158589	0	0.00035	0.0339	0.00015	0.0018	0.0001	0.00025
96	2.36257231	0.0008	3.593702997	0.0026	3.576023226	0.001	3.818168097	0.0002	3.481614064	0.0002	5.166405555	0	0.00035	0.0011	0.0004	0.00165	0.00015	0.0002
97	2.35887784	0.0004	3.51905267	0.0036	3.575087285	0	3.96210987	0.0004	3.500714751	0.0004	5.176634973	0	0.0004	0.002	0.0004	0.00175	0.00015	0.0001
98	2.357752496	0.0002	3.566435881	0	3.564539573	0.0002	3.996720286	0.002	3.504283672	0	5.183779386	0	0.0004	0.002	0.00035	0.00225	0.00015	0
99	2.357486121	0	3.561897456	0.0004	3.577469991	0	4.827974196	0	3.514144642	0	5.181455767	0.0002	0.00035	0.00165	0.0003	0.00065	0.00015	0.00005
100	2.842752741	0.2708	3.558768209	0	3.430658226	0.4534	4.819164568	0	3.512578092	0	5.177370826	0.0002	0.06785	0.001	0.1134	0.0006	0.0001	0.0001
101	2.839506421	0	3.562525235	0	3.442089407	0.0018	4.825187107	0.0002	3.498321676	0	5.182142196	0.0024	0.06775	0.0001	0.11385	0.00055	0	0.0007
102	2.836436796	0.0002	3.565814445	0	3.455399794	0	4.80426632	0	3.456908515	0.0004	5.188076319	0	0.06775	0.0001	0.1138	0.00005	0.0001	0.0007
103	2.829553481	0.0002	3.56082075	0	3.428639582	0.0062	4.790681727	0.006	3.451835723	0.0004	5.204039079	0	0.0678	0	0.11535	0.00155	0.0002	0.00065
104	2.825048881	0.0004	3.560425793	0	3.446916533	0.0006	4.783417588	0	3.471013254	0.0004	5.157114555	0.0098	0.0002	0	0.00215	0.00155	0.0003	0.00305
105	2.817668352	0.0004	3.559571519	0	3.437330185	0.0002	4.779661839	0.0002	3.467837734	0	5.20772407	0.0034	0.0003	0	0.00175	0.00155	0.0003	0.0033
106	2.814841753	0.0002	3.547034521	0	3.437648555	0	4.735979048	0.0006	3.483934127	0.0002	5.284738109	0.001	0.0003	0	0.00175	0.0017	0.00025	0.00355
107	2.813662743	0.0002	3.532206419	0.0092	3.405334617	0.0114	4.736610042	0	3.495467781	0	5.284333068	0.0056	0.0003	0.0023	0.00305	0.0002	0.00015	0.00495
108	2.81127309	0.0004	3.537524306	0.0002	3.413894993	0	4.691491375	0.0028	3.498444259	0	5.311828326	0.003	0.0003	0.00235	0.0029	0.0009	0.00005	0.00325
109	2.810701222	0.0002	3.543189301	0	3.428384087	0.0002	4.927186509	0	3.503697129	0	5.291568823	0	0.00025	0.00235	0.0029	0.00085	0.00005	0.0024
110	2.809111865	0	3.536286577	0	3.432144205	0	4.716279491	0	3.519319554	0.0002	5.243546025	0.0002	0.0002	0.00235	0.0029	0.0007	0.00005	0.0022
111	2.807764668	0	3.540559005	0	3.434993262	0	4.729632845	0.0154	3.485107164	0.0008	5.241993771	0.0006	0.00015	0.00005	0.00005	0.00455	0.00025	0.00095
112	2.807059852	0.0002	3.543725171	0	3.436214604	0	4.763226521	0.0008	3.511122423	0	5.247928671	0	0.0001	0	0.00005	0.00405	0.00025	0.0002
113	2.805476152	0	3.543674808	0	3.474098975	0.064	4.721844578	0.0082	3.471254387	0.0318	5.251022823	0	0.00005	0	0.016	0.0061	0.0082	0.0002
114	2.854049221	0	3.549378807	0	3.454013383	0.0008	4.721899724	0	3.436692189	0.0004	5.243474764	0	0.00005	0	0.0162	0.0061	0.00825	0.00015
115	2.853864424	0	3.570503026	0	3.476636617	0.0186	4.696449994	0.0008	3.104570584	0.3452	5.263405477	0	0.00005	0	0.02085	0.00245	0.09435	0
116	2.851805195	0	3.583773963	0	3.478741952	0	4.729868812	0.0002	3.101201129	0	5.314138994	0.0016	0	0	0.02085	0.0023	0.09435	0.0004
117	2.849504637	0	3.55722628	0.0342	3.46271216	0	4.780847711	0.0008	3.122797583	0.0028	5.309098975	0.0002	0	0.00855	0.00485	0.00045	0.0871	0.00045
118	2.843923224	0	3.572439755	0.0028	3.466328914	0	4.720436962	0.0046	3.256325177	0.0002	5.33750457	0.0002	0	0.00925	0.00465	0.0016	0.08705	0.0005
119	2.843299185	0	3.577275531	0	3.444258472	0	4.716606833	0	3.101622217	0.0014	5.247484458	0.031	0	0.00925	0	0.0014	0.0011	0.00825
120	2.842081735	0	3.563179969	0.0002	3.443520275	0	4.790166911	0.001	3.084822883	0.0006	5.213227381	0.0102	0	0.0093	0	0.0016	0.00125	0.0104
121	2.879160775	0.0004	3.699722514	0.2308	3.407849225	0.0582	4.807616363	0.0118	3.088822315	0.0002	5.269314606	0.001	0.0001	0.05845	0.01455	0.00435	0.0006	0.0106
122	2.875231195	0.0002	3.687542076	0	3.410190198	0.0006	4.805592768	0.0006	3.095817347	0.0002	5.228362549	0.0006	0.00015	0.05775	0.0147	0.00335	0.0006	0.0107
123	2.874116603	0.0002	3.68794157	0	3.429313037	0	4.578625947	0.0344	3.239676022	0.0004	5.202075017	0	0.0002	0.05775	0.0147	0.01195	0.00035	0.00295
124	2.867059334	0.0004	3.698539448	0	3.467187893	0.0376	4.575841088	0	3.109841397	0.0002	5.147138869	0.0006	0.0003	0.0577	0.0241	0.0117	0.00025	0.00055
125	2.863896195	0	3.705876815	0.004	3.451895596	0.0004	4.570463872	0	3.110219255	0	5.14034467	0	0.0002	0.001	0.00965	0.00875	0.0002	0.0003
126	2.862065822	0	3.709522968	0	3.453432459	0	4.552741684	0	3.10466235	0.0002	5.141014062	0	0.00015	0.001	0.0095	0.0086	0.0002	0.00015
127	2.862832413	0	3.710168914	0	3.467547966	0.0024	4.556931042	0.0002	3.243116692	0.0016	5.133371602	0.0002	0.0001	0.001	0.0101	0.00005	0.0005	0.0002
128	2.90105695	0	3.705397909	0	3.466701521	0.001	4.5610402	0.0004	3.237189151	0.0006	5.122795883	0.0006	0	0.001	0.00095	0.00015	0.0006	0.0002
129	2.900022979	0	3.703676299	0	3.469949647	0	4.538719636	0.0002	3.235195398	0	5.121188388	0	0	0	0.00085	0.0002	0.0006	0.0002
130	2.897162618	0.0002	3.703412057	0	3.472278661	0	4.537860006	0.0002	3.213880226	0.0018	5.132606711	0.0006	0.00005	0	0.00085	0.00025	0.001	0.00035
131	2.894903769	0	3.698699894	0.0002	3.473898178	0	4.544524609	0.0002	3.251606543	0.014	5.194921956	0	0.00005	0.00005	0.00025	0.00025	0.0041	0.0003
132	2.902122885	0	3.698613086	0	3.473744888	0.0004	4.544939401	0	3.237211142	0.0002	5.150309557	0	0.00005	0.00005	0.0001	0.00015	0.004	0.00015
133	2.694411346	0.156	3.697920924	0	3.470230828	0.0016	4.571399791	0.004	3.230595432	0.0002	5.158599314	0	0.03905	0.00005	0.0005	0.0011	0.00405	0.00015
134	2.693153963	0.0002	3.69848038	0.121	3.473551906	0	4.574999436	0	3.232657268	0	5.152181358	0	0.03905	0.0303	0.0005	0.00105	0.0036	0
135	2.692117849	0	3.698134288	0.0002	3.470452447	0	4.626456428	0.0006	3.220951476	0.0002	5.142429288	0.0004	0.03905	0.0303	0.0005	0.00115	0.00015	0.0001
136	2.691655108	0	3.694175646	0	3.472709909	0.0014	4.561743969	0.001	3.220962135	0	5.021644789	0.0842	0.03905	0.0303	0.00075	0.0014	0.0001	0.02115
137	2.690955339	0	3.69797553	0	3.774906106	0.474	4.592328373	0.001	3.219582377	0.0002	5.024375956	0.0004	0.00005	0.0303	0.11885	0.00065	0.0001	0.02125
138	2.708337977	0.1192	3.697025376	0	3.790963219	0.0002	4.680172147	0.0042	3.211296434	0.0002	5.085003523	0.0004	0.0298	0.00005	0.1189	0.0017	0.00015	0.02135
139	2.707779993	0	3.688246557	0.0002	3.805669787	0	4.668568773	0.0004	3.177915091	0.003	5.090216505	0.0002	0.0298	0.00005	0.1189	0.00165	0.00085	0.0213
140	2.706898661	0	3.715118024	0.0006	3.731008334	0	4.656925334	0.0044	3.181475667	0	5.103182291	0	0.0298	0.0002	0.11855	0.0025	0.00085	0.00025
141	2.735655581	0.002	3.703226826	0.0052	3.791935936	0.0006	4.655684807	0	3.191187578	0.0002	5.098120272	0	0.0303	0.0015	0.0002	0.00225	0.00085	0.00015
142	2.735096203	0	3.70864839	0.0074	3.809594938	0	4.586815001	0.0092	3.191145362	0	5.335148679	0.0112	0.0005	0.00335	0.00015	0.0035	0.0008	0.00285
143	2.734006323	0	3.70789569	0	3.753396467	0	4.582251756	0	3.163756724	0.0002	5.325508712	0	0.0005	0.0033	0.00015	0.0034	0.0001	0.0028
144	2.731738412	0	3.698325217	0	3.746408025	0.001	4.578011047	0.0002	3.152999737	0.0002	5.334981174	0.0002	0.0005	0.00315	0.0004	0.00235	0.00015	0.00285
145	2.731148953	0	3.700578521	0	3.744932505	0	4.582979782	0	3.152317477	0	5.333092071	0	0	0.00185	0.00025	0.00235	0.0001	0.00285
146	2.730312815	0	3.712263574	0	3.672811566	0.0024	4.521076321	0.0062	3.161441683	0.0002	5.254712362	0.005	0	0	0.00085	0.0016	0.00015	0.0013
147	3.232098607	0.1344	3.712245499	0	3.727320607	0.0036	4.502573989	0.002	3.157632941	0.0004	5.273800766	0	0.0336	0	0.00175	0.0021	0.0002	0.0013
148	3.256521823	0	3.666764522	0	3.725859027	0	4.477431603	0.0002	3.208072566	0.0402	5.17244009	0	0.0336	0	0.0015	0.0021	0.0102	0.00125
149	3.248740529	0	3.669233519	0	3.739349186	0	4.566779007	0.0168	3.211356478	0.001	5.177507905	0	0.0336	0	0.0015	0.0063	0.01045	0.00125
150	3.246308211	0	3.666632833	0	3.762348986	0.0004	4.564453619	0	3.204359534	0.0006	5.153549652	0	0.0336	0	0.001	0.00475	0.01055	0
151	3.245219209	0	3.669305083	0	3.754621569	0.0004	4.656859588	0.0026	3.197122291	0.0006	5.144339784	0.0004	0	0	0.0002	0.0049	0.0106	0.0001
152	3.24336664	0	3.655957293	0	3.753000608	0	5.190560918	0.413	3.18204084	0.0006	5.142929387	0	0	0	0.0002	0.1081	0.0007	0.0001
153	3.2425908	0	3.622671687	0.0028	3.752763123	0.0002	5.190908936	0.0002	3.168765324	0	5.154023416	0	0	0.0007	0.00025	0.10395	0.00045	0.0001
154	3.240941367	0	3.621784299	0	3.753251571	0	5.158090475	0	3.170530697	0.0006	5.002083426	0.0014	0	0.0007	0.00015	0.10395	0.00045	0.00045
155	3.23996578	0	3.619999555	0	3.758917566	0.0004	5.144262507	0.0004	3.170546884	0	5.023459827	0.0006	0	0.0007	0.00015	0.1034	0.0003	0.0005
156	3.239239652	0	3.616373679	0	3.764892876	0	5.173597012	0	3.172120313	0	5.077374101	0.0004	0	0.0007	0.00015	0.00015	0.00015	0.0006
157	3.234323015	0.0006	3.602662777	0	3.761722453	0	5.169388211	0	3.153907193	0.0002	5.084841352	0	0.00015	0	0.0001	0.0001	0.0002	0.0006
158	3.229317838	0	3.601305954	0	3.761674911	0	5.161360373	0	3.154318245	0	5.104207164	0.0006	0.00015	0	0.0001	0.0001	0.00005	0.0004
159	3.26896033	0	3.603604873	0	3.764194495	0.0094	5.158668643	0.0002	3.136220554	0.0002	5.089864042	0.0002	0.00015	0	0.00235	0.00005	0.0001	0.0003
160	3.267401178	0.0002	3.605751697	0	3.765610242	0	5.157368302	0.0002	3.148209243	0.0002	5.09538378	0	0.0002	0	0.00235	0.0001	0.00015	0.0002
161	3.266981909	0	3.947516631	0	3.792650848	0.013	5.208463041	0.0056	3.228214629	0.0074	5.133214517	0	0.00005	0	0.0056	0.0015	0.00195	0.0002
162	3.270776861	0.0002	3.960445877	0	3.789056227	0	5.226033336	0.0004	3.233272567	0	5.157453447	0.0002	0.0001	0	0.0056	0.0016	0.00195	0.0001
163	3.268482377	0	3.96445898	0	3.793428694	0	5.228125914	0	3.23191444	0	5.15417261	0	0.0001	0	0.00325	0.00155	0.0019	0.00005
164	3.267235017	0	3.97276327	0	3.823193827	0	5.204344568	0.0004	3.239736666	0	5.152781437	0	0.00005	0	0.00325	0.0016	0.00185	0.00005
165	3.265401384	0.0002	3.972078749	0	3.824082807	0	5.211112285	0	3.232675354	0.0008	5.136432652	0.0008	0.0001	0	0	0.0002	0.0002	0.00025
166	3.264868627	0	3.990431319	0	3.827641618	0	5.20776481	0	3.211383185	0	5.158482405	0.0006	0.00005	0	0	0.0001	0.0002	0.00035
167	3.256103617	0.0002	3.990175463	0.0006	3.827347087	0	5.240177047	0	3.230263765	0.0004	5.022016761	0.0004	0.0001	0.00015	0	0.0001	0.0003	0.00045
168	3.255081493	0.0002	3.982405937	0.0002	3.827402461	0	5.266292418	0	3.200255074	0.1494	4.992035754	0.0002	0.00015	0.0002	0	0	0.03765	0.0005
169	3.251379583	0.0002	3.985005217	0.0002	3.838115662	0.0152	5.267717463	0.0002	3.206704703	0.0002	5.037213566	0.0002	0.00015	0.00025	0.0038	0.00005	0.0375	0.00035
170	3.251061875	0	3.984889981	0	3.682761368	0.0002	5.277618858	0.0002	3.218886041	0.0006	5.03386547	0	0.00015	0.00025	0.00385	0.0001	0.03765	0.0002
171	3.249874556	0	3.98322493	0.0002	3.655061548	0.0018	5.393271388	0.0002	3.247446959	0.0006	4.989948142	0	0.0001	0.00015	0.0043	0.00015	0.0377	0.0001
172	3.249501334	0.0002	3.983277975	0.0502	3.655473459	0	5.407034108	0.0004	3.263750128	0.0094	4.996176982	0.0112	0.0001	0.01265	0.0043	0.00025	0.0027	0.00285
173	3.248834439	0.0002	3.984719298	0	3.655924632	0	5.231699945	0.068	3.232784987	0.0734	5.051049341	0.001	0.0001	0.0126	0.0005	0.0172	0.021	0.00305
174	3.509489361	0.07	3.991312569	0	3.656087097	0	5.344060422	0.002	3.219721736	0.0002	5.05498739	0	0.0176	0.0126	0.00045	0.01765	0.0209	0.00305
175	3.508976615	0	3.991343961	0	3.630441916	0.0132	5.32949159	0.0018	3.231014933	0.0014	5.033012418	0.0006	0.0176	0.01255	0.0033	0.01805	0.0211	0.0032
176	3.509965253	0.0004	3.971068776	0	3.644114263	0.0002	5.316475107	0	3.234641339	0	5.031372643	0	0.01765	0	0.00335	0.01795	0.01875	0.0004
177	3.509731191	0	3.971445711	0	3.632488497	0.0006	5.355583626	0.0002	3.251370674	0.0002	5.022121192	0	0.0176	0	0.0035	0.001	0.00045	0.00015
178	3.509039935	0	3.970820397	0	3.630556418	0	5.370001495	0.0002	3.433849078	0.0062	5.023506615	0.0004	0.0001	0	0.0035	0.00055	0.00195	0.00025
179	3.514651065	0	3.964378152	0.0004	3.623697851	0	5.329564022	0.0002	3.475396702	0.0064	5.099481095	0.0036	0.0001	0.0001	0.0002	0.00015	0.0032	0.001
180	3.503379593	0	3.963916464	0	3.62627248	0	5.360967978	0.0004	3.476127966	0.0002	5.033769222	0.0006	0	0.0001	0.00015	0.00025	0.00325	0.00115
181	3.5028111	0	3.954042884	0.0006	3.655568524	0.0004	5.346209799	0	3.486596032	0.0004	5.00405887	0.0008	0	0.00025	0.0001	0.0002	0.0033	0.00135
182	3.516719892	0.0542	3.953073352	0	3.6630745	0	5.344292485	0	3.496266219	0.0002	5.027607463	0.0008	0.01355	0.00025	0.0001	0.00015	0.0018	0.00145
183	3.514486626	0	5.027665603	0.0002	3.646137577	0.0006	5.336394312	0.0002	3.472023641	0.0002	5.176654755	0.0046	0.01355	0.0002	0.00025	0.00015	0.00025	0.0017
184	3.517025813	0.0002	3.886019521	0	3.60504121	0.0738	5.339047919	0	3.466899846	0	5.192149359	0.0002	0.0136	0.0002	0.0187	0.00005	0.0002	0.0016
185	3.516454713	0.0002	3.868904234	0	3.621016796	0	5.35926113	0	3.982060302	0.3576	5.200803774	0	0.01365	0.00005	0.0186	0.00005	0.0895	0.0014
186	3.516139074	0.0002	4.904767959	0	3.614709714	0	5.359160162	0	3.999060941	0.0122	5.16503149	0.0004	0.00015	0.00005	0.0186	0.00005	0.0925	0.0013
187	3.516115275	0.0002	4.913084387	0	3.609841072	0.0002	5.361810874	0	3.9955342	0	5.160881329	0.0002	0.0002	0	0.0185	0	0.09245	0.0002
188	3.501717642	0	4.913006369	0	3.607330041	0	4.550793062	0.3348	3.984435427	0.0006	5.183722743	0.0002	0.00015	0	0.00005	0.0837	0.0926	0.0002
189	3.502019601	0	3.869917505	0	3.610423565	0.001	4.555683348	0.0002	3.987256616	0.0002	5.194810529	0.0002	0.0001	0	0.0003	0.08375	0.00325	0.00025
190	3.502105349	0	4.886861004	0.0002	3.609293167	0.0002	4.570546194	0.0002	4.235299619	0.0004	5.203769453	0	0.00005	0.00005	0.00035	0.0838	0.0003	0.00015
191	3.509889425	0	4.900045641	0	3.60688558	0.0002	4.563903013	0	4.255983848	0.0006	5.249702068	0.0006	0	0.00005	0.00035	0.0838	0.00045	0.00025
192	3.958156189	0.0956	3.810976568	0.2174	3.615498427	0.0002	4.557202383	0	4.074513595	0.0052	5.241623249	0	0.0239	0.0544	0.0004	0.0001	0.0016	0.0002
193	3.957728804	0	3.80670742	0	3.617088136	0.0002	4.578886678	0.0208	4.077928483	0.0024	5.251082246	0.0002	0.0239	0.0544	0.0002	0.00525	0.00215	0.0002
194	3.956785951	0	3.812860046	0	3.613098607	0.0006	4.569974214	0.001	4.062329064	0	5.014820765	0	0.0239	0.05435	0.0003	0.00545	0.00205	0.0002
195	3.956970262	0	3.789635226	0.0014	3.617934998	0.0004	4.623062656	0.0004	4.062233814	0	5.01454382	0	0.0239	0.0547	0.00035	0.00555	0.0019	0.00005
196	3.952272842	0	3.793539223	0.0002	3.628533528	0.0004	4.623474244	0.0004	4.025864476	0.002	5.014643457	0	0	0.0004	0.0004	0.00565	0.0011	0.00005
197	3.950763331	0.0002	3.805523982	0.0002	3.628370583	0.0002	4.626481881	0	4.015374269	0.0024	5.00998732	0	0.00005	0.00045	0.0004	0.00045	0.0011	0
198	3.949818007	0	3.80880262	0	4.387383925	0.2814	4.562935687	0.0478	4.02671326	0.0006	4.983669503	0.0004	0.00005	0.00045	0.0706	0.01215	0.00125	0.0001
199	3.948156847	0	3.776384008	0.0022	4.409661229	0	4.564978228	0.0002	4.033828898	0	5.000662352	0.0004	0.00005	0.00065	0.0705	0.0121	0.00125	0.0002
200	3.948156847		3.776384008		4.409661229		4.564978228		4.033828898		5.000662352		6.66667E-05	0.0008	0.093866667	0.016	0.001	0.000266667