Npc	init	loc-alloc	full_loc_alloc	scaledinit
1	21789.24262	21789.24262	21789.24262	21.78924262
2	16642.87426	14875.48196	14875.48196	16.64287426
3	11905.19308	8468.048269	8468.048269	11.90519308
4	10828.8368	8046.256051	8046.256051	10.8288368
5	9675.686407	7421.356294	7421.356294	9.675686407
6	9145.26063	7304.383869	7304.383869	9.14526063
7	8743.63971	7177.227693	7177.227693	8.74363971
8	8515.998788	6950.304447	6950.304447	8.515998788
9	8251.547513	6720.211273	6720.211273	8.251547513
10	7992.834287	6601.393339	6600.944945	7.992834287
11	7839.817333	6530.37445	6529.526675	7.839817333
12	7640.581909	6335.005066	6335.005066	7.640581909
13	7383.66154	6442.592733	6442.592733	7.38366154
14	7139.049006	6401.761831	6401.761831	7.139049006
15	7073.386862	6274.290452	6274.290452	7.073386862
16	7021.962125	6203.190194	6203.190194	7.021962125
17	6916.354811	6187.676474	6187.676474	6.916354811
18	6853.317516	6193.428767	6193.428767	6.853317516
19	6716.791517	6171.600131	6171.600131	6.716791517
20	6691.600636	6119.74915	6119.74915	6.691600636
21	6678.298868	6074.366758	6074.366758	6.678298868
22	6601.319789	6021.684276	6021.684276	6.601319789
23	6574.86738	5994.278218	5994.278218	6.57486738
24	6546.431802	5961.753318	5961.753318	6.546431802
25	6521.235107	5942.509107	5942.509107	6.521235107
26	6502.468151	5891.777902	5891.777902	6.502468151
27	6476.315563	5887.233896	5887.233896	6.476315563
28	6458.101455	5899.512514	5899.512514	6.458101455
29	6427.274528	5871.88356	5871.88356	6.427274528
30	6422.377656	5865.004609	5865.004609	6.422377656
31	6440.644861	5923.833886	5923.833886	6.440644861
32	6403.207147	5950.854963	5950.854963	6.403207147
33	6393.638224	5933.223208	5933.223208	6.393638224
34	6382.618786	5912.798902	5912.798902	6.382618786
35	6376.324272	5953.544581	5953.544581	6.376324272
36	6376.153537	5970.379931	5970.379931	6.376153537
37	6380.000363	5939.430777	5939.430777	6.380000363
38	6369.177477	5943.161635	5943.161635	6.369177477
39	6378.111513	5996.766109	5996.766109	6.378111513
40	6407.742106	6006.5538	6006.5538	6.407742106
41	6401.553816	6044.206737	6044.206737	6.401553816
42	6421.117434	6031.809581	6031.809581	6.421117434
43	6423.589255	6064.540343	6064.540343	6.423589255
44	6446.107913	6065.134567	6065.134567	6.446107913
45	6440.382767	6035.605609	6035.605609	6.440382767
46	6432.088808	6054.867462	6052.10814	6.432088808
47	6431.913286	6038.114297	6038.114297	6.431913286
48	6453.925818	6065.5629	6065.5629	6.453925818
49	6463.321267	6079.688485	6079.688485	6.463321267
50	6451.948555	6114.069115	6111.935783	6.451948555
51	6482.341968	6146.117887	6143.984555	6.482341968
52	6513.855318	6167.785502	6165.65217	6.513855318
53	6542.738283	6178.214956	6176.081624	6.542738283
54	6564.682423	6213.383022	6213.383022	6.564682423
55	6578.965239	6238.940961	6219.080337	6.578965239
56	6588.651741	6263.74977	6243.889145	6.588651741
57	6614.880062	6297.234784	6277.374159	6.614880062
58	6618.857525	6351.927446	6351.927446	6.618857525
59	6647.009113	6381.67048	6381.67048	6.647009113
60	6642.381552	6383.307044	6383.307044	6.642381552
61	6675.806821	6423.962236	6423.962236	6.675806821
62	6711.402976	6429.856146	6429.856146	6.711402976
63	6739.445443	6435.120475	6435.120475	6.739445443
64	6779.356848	6461.714332	6461.714332	6.779356848
65	6809.52069	6470.650899	6470.650899	6.80952069
66	6836.94937	6477.47361	6477.47361	6.83694937
67	6850.574101	6501.367424	6501.367424	6.850574101
68	6877.587331	6526.998142	6526.998142	6.877587331
69	6906.49121	6562.590073	6562.590073	6.90649121
70	6928.467618	6595.782759	6595.782759	6.928467618
71	6965.00155	6617.202061	6617.202061	6.96500155
72	7001.297973	6663.207688	6663.207688	7.001297973
73	7038.820832	6697.365994	6697.365994	7.038820832
74	7062.997832	6712.693409	6712.693409	7.062997832
75	7085.527732	6712.953858	6712.953858	7.085527732
76	7114.635693	6740.292201	6740.292201	7.114635693
77	7102.71714	6769.541819	6769.541819	7.10271714
78	7131.829356	6816.584854	6816.584854	7.131829356
79	7141.896111	6844.107623	6844.107623	7.141896111
80	7171.09263	6893.126957	6893.126957	7.17109263
81	7208.342038	6925.593454	6925.593454	7.208342038
82	7241.843438	6972.618097	6972.618097	7.241843438
83	7271.990389	7012.239876	7012.239876	7.271990389
84	7296.171825	7031.876516	7031.876516	7.296171825
85	7322.690343	7054.496385	7054.496385	7.322690343
86	7360.097081	7091.903123	7091.903123	7.360097081
87	7382.860746	7087.025868	7087.025868	7.382860746
88	7411.583719	7109.362415	7109.362415	7.411583719
89	7448.884444	7139.35775	7139.35775	7.448884444
90	7462.803023	7178.395958	7178.395958	7.462803023
91	7480.098769	7210.647507	7210.647507	7.480098769
92	7512.001527	7238.140341	7238.140341	7.512001527
93	7539.578195	7280.683982	7280.683982	7.539578195
94	7578.121213	7308.648102	7308.648102	7.578121213
95	7604.264446	7345.265538	7345.265538	7.604264446
96	7641.160214	7383.048008	7383.048008	7.641160214
97	7682.247658	7418.029392	7418.029392	7.682247658
98	7716.107324	7444.859575	7444.859575	7.716107324
99	7754.632382	7478.868094	7476.636236	7.754632382
100	7791.564503	7508.550636	7506.318778	7.791564503
101	7801.923638	7518.969193	7516.737335	7.801923638
102	7831.879867	7575.207276	7575.207276	7.831879867
103	7860.273641	7601.227231	7601.227231	7.860273641
104	7889.296331	7631.027067	7631.027067	7.889296331
105	7923.823333	7655.297465	7655.297465	7.923823333
106	7960.503612	7691.977745	7691.977745	7.960503612
107	7975.817455	7713.929834	7713.929834	7.975817455
108	8001.95802	7732.106143	7732.106143	8.00195802
109	8032.205572	7756.70649	7756.70649	8.032205572
110	8073.309009	7802.342148	7802.342148	8.073309009
111	8111.052857	7840.085997	7840.085997	8.111052857
112	8147.432996	7876.292804	7876.292804	8.147432996
113	8157.892383	7913.528358	7913.528358	8.157892383
114	8190.32439	7964.309616	7964.309616	8.19032439
115	8225.56435	7981.457783	7981.457783	8.22556435
116	8250.310133	8003.717165	8003.717165	8.250310133
117	8290.831159	8037.556853	8036.922937	8.290831159
118	8318.184704	8101.453707	8100.81979	8.318184704
119	8356.036233	8139.305235	8138.671319	8.356036233
120	8393.456978	8156.781402	8156.147485	8.393456978
121	8429.773845	8201.181224	8200.547307	8.429773845
122	8467.089381	8242.367226	8241.733309	8.467089381
123	8505.385814	8284.739963	8284.106047	8.505385814
124	8530.906059	8320.263081	8318.599348	8.530906059
125	8572.053923	8363.094459	8361.430726	8.572053923
126	8607.546359	8401.339945	8399.676213	8.607546359
127	8630.961374	8424.75496	8423.091228	8.630961374
128	8670.965331	8459.440292	8457.776559	8.670965331
129	8708.430699	8506.281307	8506.281307	8.708430699
130	8744.562136	8548.347029	8548.347029	8.744562136
131	8782.386012	8592.718659	8592.718659	8.782386012
132	8820.944209	8631.296785	8631.296785	8.820944209
133	8855.895856	8669.898621	8669.898621	8.855895856
134	8897.317463	8711.320229	8711.320229	8.897317463
135	8937.46747	8744.974644	8744.974644	8.93746747
136	8965.708487	8779.074847	8779.074847	8.965708487
137	9008.132905	8817.149118	8817.149118	9.008132905
138	9044.53991	8847.431293	8847.431293	9.04453991
139	9084.136805	8878.195766	8878.195766	9.084136805
140	9123.45722	8912.803341	8912.803341	9.12345722
141	9157.83263	8947.178751	8947.178751	9.15783263
142	9199.696533	8981.482188	8981.482188	9.199696533
143	9238.596416	9023.837531	9023.837531	9.238596416
144	9274.746133	9059.987248	9059.987248	9.274746133
145	9306.719415	9095.974967	9095.974967	9.306719415
146	9341.408051	9131.991883	9131.991883	9.341408051
147	9383.362663	9165.061823	9165.061823	9.383362663
148	9425.08471	9205.971552	9205.971552	9.42508471
149	9462.688045	9243.574887	9243.574887	9.462688045
150	9491.140748	9261.531625	9261.531625	9.491140748
151	9533.908451	9304.299328	9304.299328	9.533908451
152	9569.829704	9344.166235	9344.166235	9.569829704
153	9608.174007	9385.063834	9385.063834	9.608174007
154	9647.720091	9425.861616	9425.861616	9.647720091
155	9678.557264	9486.25557	9486.25557	9.678557264
156	9716.075074	9515.310383	9515.310383	9.716075074
157	9759.055831	9557.170002	9557.170002	9.759055831
158	9795.847248	9593.961419	9593.961419	9.795847248
159	9838.85694	9636.971112	9636.971112	9.83885694
160	9869.5033	9639.747622	9639.747622	9.8695033
161	9900.644965	9674.516637	9674.516637	9.900644965
162	9943.431323	9720.645504	9720.645504	9.943431323
163	9977.52359	9749.668283	9749.668283	9.97752359
164	10016.79466	9788.939349	9788.939349	10.01679466
165	10045.30911	9814.034776	9814.034776	10.04530911
166	10077.77336	9837.225969	9837.225969	10.07777336
167	10113.96765	9868.572052	9868.572052	10.11396765
168	10153.96012	9924.738974	9924.738974	10.15396012
169	10187.92931	9960.776093	9960.776093	10.18792931
170	10230.89653	10003.74331	10003.74331	10.23089653
171	10265.33358	10040.87831	10040.87831	10.26533358
172	10301.44355	10077.23214	10077.23214	10.30144355
173	10338.60179	10106.07696	10106.07696	10.33860179
174	10364.59859	10129.12949	10129.12949	10.36459859
175	10400.92936	10165.46026	10165.46026	10.40092936
176	10435.43782	10210.07746	10210.07746	10.43543782
177	10478.56827	10236.63935	10236.63935	10.47856827
178	10503.72073	10268.51015	10268.51015	10.50372073
179	10542.34857	10315.95095	10315.95095	10.54234857
180	10572.46881	10356.55921	10356.55921	10.57246881
181	10614.54261	10399.14819	10399.14819	10.61454261
182	10654.3529	10438.95848	10438.95848	10.6543529
183	10688.95308	10472.83225	10472.83225	10.68895308
184	10719.07	10502.94917	10502.94917	10.71907
185	10761.59457	10541.80284	10541.80284	10.76159457
186	10804.71859	10586.28792	10586.28792	10.80471859
187	10844.18259	10620.43811	10620.43811	10.84418259
188	10883.85215	10665.57202	10665.57202	10.88385215
189	10927.0473	10714.98292	10714.98292	10.9270473
190	10959.37016	10754.55879	10754.55879	10.95937016
191	11002.61785	10797.80648	10797.80648	11.00261785
192	11044.10221	10829.89072	10829.89072	11.04410221
193	11082.93813	10861.72405	10861.72405	11.08293813
194	11126.199	10908.93252	10908.93252	11.126199
195	11159.34745	10951.91311	10951.91311	11.15934745
196	11202.61488	10999.35771	10999.35771	11.20261488
197	11239.9849	11036.72773	11036.72773	11.2399849
198	11279.1071	11075.84994	11075.84994	11.2791071
199	11312.88041	11107.35176	11107.35176	11.31288041
200	11346.17246	11140.64381	11140.64381	11.34617246