Npc	init	loc-alloc	full_loc_alloc	scaledinit
1	9554.557736	9554.557736	9554.557736	9.554557736
2	7013.237793	6287.822508	6248.195964	7.013237793
3	4581.568471	3250.783205	3206.866571	4.581568471
4	4004.027318	3046.650555	3022.402143	4.004027318
5	3592.684534	2851.269242	2771.306781	3.592684534
6	3520.272057	2821.10449	2777.990913	3.520272057
7	3397.593187	2785.165128	2738.707105	3.397593187
8	3380.766444	2744.530743	2695.97589	3.380766444
9	3335.969093	2744.954789	2668.128216	3.335969093
10	3265.60335	2731.957099	2653.749435	3.26560335
11	3250.674618	2706.459857	2641.566746	3.250674618
12	3218.758354	2699.396557	2657.234152	3.218758354
13	3231.766399	2706.225099	2681.842869	3.231766399
14	3229.880644	2702.428015	2675.932147	3.229880644
15	3221.514253	2723.664938	2682.843289	3.221514253
16	3218.399986	2720.997246	2680.362592	3.218399986
17	3167.499296	2722.964189	2684.556477	3.167499296
18	3167.19566	2750.25449	2703.672562	3.16719566
19	3172.103235	2757.75379	2710.645836	3.172103235
20	3205.886662	2792.799997	2745.823968	3.205886662
21	3222.383538	2824.323049	2768.749654	3.222383538
22	3255.667715	2854.471122	2794.589673	3.255667715
23	3282.280431	2869.281907	2794.968733	3.282280431
24	3312.223262	2905.814813	2828.532246	3.312223262
25	3338.164552	2926.205417	2843.331306	3.338164552
26	3359.417432	2948.206978	2856.299282	3.359417432
27	3386.250304	2972.380714	2873.159013	3.386250304
28	3412.687974	2987.761173	2888.457413	3.412687974
29	3440.58695	3020.17431	2922.840539	3.44058695
30	3472.807426	3041.408225	2934.567978	3.472807426
31	3503.88264	3067.658196	2952.332659	3.50388264
32	3532.470601	3091.038187	2983.295237	3.532470601
33	3565.661098	3104.59494	3018.880247	3.565661098
34	3596.851746	3135.631574	3061.455926	3.596851746
35	3596.851746	3135.631574	3061.455926	3.596851746
36	3596.851746	3135.631574	3061.455926	3.596851746
37	3596.851746	3135.631574	3061.455926	3.596851746
38	3596.851746	3135.631574	3061.455926	3.596851746
39	3596.851746	3135.631574	3061.455926	3.596851746
40	3596.851746	3135.631574	3061.455926	3.596851746
41	3596.851746	3135.631574	3061.455926	3.596851746
42	3596.851746	3135.631574	3061.455926	3.596851746
43	3596.851746	3135.631574	3061.455926	3.596851746
44	3596.851746	3135.631574	3061.455926	3.596851746
45	3596.851746	3135.631574	3061.455926	3.596851746
46	3596.851746	3135.631574	3061.455926	3.596851746
47	3596.851746	3135.631574	3061.455926	3.596851746
48	3596.851746	3135.631574	3061.455926	3.596851746
49	3596.851746	3135.631574	3061.455926	3.596851746
50	3596.851746	3135.631574	3061.455926	3.596851746
51	3596.851746	3135.631574	3061.455926	3.596851746
52	3596.851746	3135.631574	3061.455926	3.596851746
53	3596.851746	3135.631574	3061.455926	3.596851746
54	3596.851746	3135.631574	3061.455926	3.596851746
55	3596.851746	3135.631574	3061.455926	3.596851746
56	3596.851746	3135.631574	3061.455926	3.596851746
57	3596.851746	3135.631574	3061.455926	3.596851746
58	3596.851746	3135.631574	3061.455926	3.596851746
59	3596.851746	3135.631574	3061.455926	3.596851746
60	3596.851746	3135.631574	3061.455926	3.596851746
61	3596.851746	3135.631574	3061.455926	3.596851746
62	3596.851746	3135.631574	3061.455926	3.596851746
63	3596.851746	3135.631574	3061.455926	3.596851746
64	3596.851746	3135.631574	3061.455926	3.596851746
65	3596.851746	3135.631574	3061.455926	3.596851746
66	3596.851746	3135.631574	3061.455926	3.596851746
67	3596.851746	3135.631574	3061.455926	3.596851746
68	3596.851746	3135.631574	3061.455926	3.596851746
69	3596.851746	3135.631574	3061.455926	3.596851746
70	3596.851746	3135.631574	3061.455926	3.596851746
71	3596.851746	3135.631574	3061.455926	3.596851746
72	3596.851746	3135.631574	3061.455926	3.596851746
73	3596.851746	3135.631574	3061.455926	3.596851746
74	3596.851746	3135.631574	3061.455926	3.596851746
75	3596.851746	3135.631574	3061.455926	3.596851746
76	3596.851746	3135.631574	3061.455926	3.596851746
77	3596.851746	3135.631574	3061.455926	3.596851746
78	3596.851746	3135.631574	3061.455926	3.596851746
79	3596.851746	3135.631574	3061.455926	3.596851746
80	3596.851746	3135.631574	3061.455926	3.596851746
81	3596.851746	3135.631574	3061.455926	3.596851746
82	3596.851746	3135.631574	3061.455926	3.596851746
83	3596.851746	3135.631574	3061.455926	3.596851746
84	3596.851746	3135.631574	3061.455926	3.596851746
85	3596.851746	3135.631574	3061.455926	3.596851746
86	3596.851746	3135.631574	3061.455926	3.596851746
87	3596.851746	3135.631574	3061.455926	3.596851746
88	3596.851746	3135.631574	3061.455926	3.596851746
89	3596.851746	3135.631574	3061.455926	3.596851746
90	3596.851746	3135.631574	3061.455926	3.596851746
91	3596.851746	3135.631574	3061.455926	3.596851746
92	3596.851746	3135.631574	3061.455926	3.596851746
93	3596.851746	3135.631574	3061.455926	3.596851746
94	3596.851746	3135.631574	3061.455926	3.596851746
95	3596.851746	3135.631574	3061.455926	3.596851746
96	3596.851746	3135.631574	3061.455926	3.596851746
97	3596.851746	3135.631574	3061.455926	3.596851746
98	3596.851746	3135.631574	3061.455926	3.596851746
99	3596.851746	3135.631574	3061.455926	3.596851746
100	3596.851746	3135.631574	3061.455926	3.596851746
101	3596.851746	3135.631574	3061.455926	3.596851746
102	3596.851746	3135.631574	3061.455926	3.596851746
103	3596.851746	3135.631574	3061.455926	3.596851746
104	3596.851746	3135.631574	3061.455926	3.596851746
105	3596.851746	3135.631574	3061.455926	3.596851746
106	3596.851746	3135.631574	3061.455926	3.596851746
107	3596.851746	3135.631574	3061.455926	3.596851746
108	3596.851746	3135.631574	3061.455926	3.596851746
109	3596.851746	3135.631574	3061.455926	3.596851746
110	3596.851746	3135.631574	3061.455926	3.596851746
111	3596.851746	3135.631574	3061.455926	3.596851746
112	3596.851746	3135.631574	3061.455926	3.596851746
113	3596.851746	3135.631574	3061.455926	3.596851746
114	3596.851746	3135.631574	3061.455926	3.596851746
115	3596.851746	3135.631574	3061.455926	3.596851746
116	3596.851746	3135.631574	3061.455926	3.596851746
117	3596.851746	3135.631574	3061.455926	3.596851746
118	3596.851746	3135.631574	3061.455926	3.596851746
119	3596.851746	3135.631574	3061.455926	3.596851746
120	3596.851746	3135.631574	3061.455926	3.596851746
121	3596.851746	3135.631574	3061.455926	3.596851746
122	3596.851746	3135.631574	3061.455926	3.596851746
123	3596.851746	3135.631574	3061.455926	3.596851746
124	3596.851746	3135.631574	3061.455926	3.596851746
125	3596.851746	3135.631574	3061.455926	3.596851746
126	3596.851746	3135.631574	3061.455926	3.596851746
127	3596.851746	3135.631574	3061.455926	3.596851746
128	3596.851746	3135.631574	3061.455926	3.596851746
129	3596.851746	3135.631574	3061.455926	3.596851746
130	3596.851746	3135.631574	3061.455926	3.596851746
131	3596.851746	3135.631574	3061.455926	3.596851746
132	3596.851746	3135.631574	3061.455926	3.596851746
133	3596.851746	3135.631574	3061.455926	3.596851746
134	3596.851746	3135.631574	3061.455926	3.596851746
135	3596.851746	3135.631574	3061.455926	3.596851746
136	3596.851746	3135.631574	3061.455926	3.596851746
137	3596.851746	3135.631574	3061.455926	3.596851746
138	3596.851746	3135.631574	3061.455926	3.596851746
139	3596.851746	3135.631574	3061.455926	3.596851746
140	3596.851746	3135.631574	3061.455926	3.596851746
141	3596.851746	3135.631574	3061.455926	3.596851746
142	3596.851746	3135.631574	3061.455926	3.596851746
143	3596.851746	3135.631574	3061.455926	3.596851746
144	3596.851746	3135.631574	3061.455926	3.596851746
145	3596.851746	3135.631574	3061.455926	3.596851746
146	3596.851746	3135.631574	3061.455926	3.596851746
147	3596.851746	3135.631574	3061.455926	3.596851746
148	3596.851746	3135.631574	3061.455926	3.596851746
149	3596.851746	3135.631574	3061.455926	3.596851746
150	3596.851746	3135.631574	3061.455926	3.596851746
151	3596.851746	3135.631574	3061.455926	3.596851746
152	3596.851746	3135.631574	3061.455926	3.596851746
153	3596.851746	3135.631574	3061.455926	3.596851746
154	3596.851746	3135.631574	3061.455926	3.596851746
155	3596.851746	3135.631574	3061.455926	3.596851746
156	3596.851746	3135.631574	3061.455926	3.596851746
157	3596.851746	3135.631574	3061.455926	3.596851746
158	3596.851746	3135.631574	3061.455926	3.596851746
159	3596.851746	3135.631574	3061.455926	3.596851746
160	3596.851746	3135.631574	3061.455926	3.596851746
161	3596.851746	3135.631574	3061.455926	3.596851746
162	3596.851746	3135.631574	3061.455926	3.596851746
163	3596.851746	3135.631574	3061.455926	3.596851746
164	3596.851746	3135.631574	3061.455926	3.596851746
165	3596.851746	3135.631574	3061.455926	3.596851746
166	3596.851746	3135.631574	3061.455926	3.596851746
167	3596.851746	3135.631574	3061.455926	3.596851746
168	3596.851746	3135.631574	3061.455926	3.596851746
169	3596.851746	3135.631574	3061.455926	3.596851746
170	3596.851746	3135.631574	3061.455926	3.596851746
171	3596.851746	3135.631574	3061.455926	3.596851746
172	3596.851746	3135.631574	3061.455926	3.596851746
173	3596.851746	3135.631574	3061.455926	3.596851746
174	3596.851746	3135.631574	3061.455926	3.596851746
175	3596.851746	3135.631574	3061.455926	3.596851746
176	3596.851746	3135.631574	3061.455926	3.596851746
177	3596.851746	3135.631574	3061.455926	3.596851746
178	3596.851746	3135.631574	3061.455926	3.596851746
179	3596.851746	3135.631574	3061.455926	3.596851746
180	3596.851746	3135.631574	3061.455926	3.596851746
181	3596.851746	3135.631574	3061.455926	3.596851746
182	3596.851746	3135.631574	3061.455926	3.596851746
183	3596.851746	3135.631574	3061.455926	3.596851746
184	3596.851746	3135.631574	3061.455926	3.596851746
185	3596.851746	3135.631574	3061.455926	3.596851746
186	3596.851746	3135.631574	3061.455926	3.596851746
187	3596.851746	3135.631574	3061.455926	3.596851746
188	3596.851746	3135.631574	3061.455926	3.596851746
189	3596.851746	3135.631574	3061.455926	3.596851746
190	3596.851746	3135.631574	3061.455926	3.596851746
191	3596.851746	3135.631574	3061.455926	3.596851746
192	3596.851746	3135.631574	3061.455926	3.596851746
193	3596.851746	3135.631574	3061.455926	3.596851746
194	3596.851746	3135.631574	3061.455926	3.596851746
195	3596.851746	3135.631574	3061.455926	3.596851746
196	3596.851746	3135.631574	3061.455926	3.596851746
197	3596.851746	3135.631574	3061.455926	3.596851746
198	3596.851746	3135.631574	3061.455926	3.596851746
199	3596.851746	3135.631574	3061.455926	3.596851746
200	3596.851746	3135.631574	3061.455926	3.596851746