Ntrain	Dimsum2	LOOCV2	Dimsum5	LOOCV5	Dimsum10	LOOCV10	Dimsum15	LOOCV15	Dimsum20	LOOCV20	Dimsum25	LOOCV25
1	19.91245783	6.397264049	16.94997739	39.43591582	26.63175861	19.35099121	21.24812589	19.22395452	22.01727422	21.94629019	27.31056419	29.91429388
2	18.66824244	8.504293794	14.77104699	10.81875677	22.08637831	13.07188236	20.48708108	10.83865808	19.07235783	12.93241008	20.42355609	11.152785
3	18.13871264	4.134465112	14.39056264	7.680909305	20.12142971	7.52342023	19.49712392	7.466589868	17.92446347	8.725880835	16.90617249	10.25316901
4	18.05065699	3.22429256	13.55042092	6.839839544	18.00142681	6.544982153	18.85985513	6.501334545	16.1098835	7.185691577	15.11620864	6.027928765
5	17.34151259	3.194945701	13.30100239	4.508184837	16.54083738	6.693997052	16.16571656	6.993316554	13.48252696	8.848329672	14.3173918	5.159578957
6	16.86508763	2.733186645	13.20676119	3.488015405	15.59758814	5.246103307	15.61811445	5.720267035	12.90669035	7.198672384	12.46293752	5.521124046
7	16.71034055	2.462404693	12.98204294	2.629575313	12.2589987	5.3626498	15.31351517	4.775023278	12.3029451	5.745053722	12.08232785	5.03175916
8	16.46536728	2.277437178	12.73865962	2.429884819	11.89618191	4.602419674	13.09261869	5.23889645	11.56277957	5.262227543	11.57337202	4.786412617
9	16.31577482	2.172958083	10.94552633	3.683354358	11.60892075	4.236898231	12.92562626	4.025625385	11.49633081	5.571747688	11.94165538	4.392684591
10	15.95061055	2.040200489	10.69483201	2.636370041	11.27008266	4.083466276	12.86806887	3.508581847	11.50010786	5.486912193	12.70950598	4.12259313
11	15.66615641	2.025729785	10.35960346	3.366843671	9.787449285	4.898366817	11.75937946	3.156537917	10.98695268	4.708789611	12.11171604	4.443160758
12	15.40492389	1.896387	10.1958648	3.118719306	9.62937447	4.223729458	11.55855878	3.395690859	10.30559689	4.752248362	12.0137306	4.12908023
13	15.12908477	1.813032931	10.02455053	2.846694798	9.196045016	4.531729549	11.61241986	3.057998917	10.11169503	4.667278793	11.747339	3.922882564
14	14.79427741	1.693178272	9.621834043	3.117606588	8.186107404	3.87370877	11.62462616	2.889031312	10.02780404	4.365145022	11.87927075	3.61820771
15	14.44827362	2.883302508	8.466341384	2.177663392	8.045447968	3.542318915	11.64514042	2.65459333	9.963552572	4.10234836	11.77112675	3.37301189
16	14.19407254	2.794664588	8.056628394	1.822023699	7.835679045	3.14275067	11.63912334	2.535967049	10.19857279	3.932504339	11.69984432	3.319262559
17	13.97293573	2.705597601	7.954693085	1.73969496	7.330711508	3.003629354	11.55580584	2.544683675	9.525212058	3.860283683	11.23207325	3.18429233
18	13.45908376	2.679051876	7.884762215	1.903462629	7.243646054	3.08885305	11.55745806	2.447064919	9.762977849	3.695157104	10.98400716	3.096087658
19	7.058684444	4.417978981	7.822756549	1.640914521	7.124795484	2.651831777	10.5704787	3.136958853	9.435895945	3.402259904	10.95342794	3.018956319
20	6.863563372	4.319899401	7.800441479	2.155756763	6.994209587	2.786007309	10.3831367	2.758470977	9.560027777	3.716576878	10.70509381	2.88151127
21	6.662765822	4.161708842	7.687839007	2.254701738	6.817411224	2.737923228	10.28152841	2.562107055	9.630147101	3.737436757	10.41964719	2.825739287
22	6.728831265	3.720931123	7.640349621	2.161798844	6.702582419	2.659703794	10.31921075	2.906310436	9.617024347	3.60551219	9.868119689	2.975088253
23	6.629633866	3.608653515	7.595930722	2.065385739	6.576214387	1.906332904	10.36575583	2.425852953	9.617233851	3.480263123	9.598703337	2.770537395
24	6.591332056	3.545988572	7.438175361	2.256513817	6.499669708	1.820379348	10.31032492	2.846021557	9.636045743	3.369821243	9.47027395	2.711958226
25	6.523873022	3.441877232	7.407223036	2.11221972	6.275194468	2.661142235	9.318714948	2.717428639	9.196132184	3.290629776	9.327656188	2.641878629
26	6.463692621	3.246089974	7.440410953	2.144011707	6.216519603	2.669388473	9.12899903	2.590861996	9.17624742	3.202546561	9.178107137	2.627341194
27	6.370685081	3.092237179	7.32512774	2.308511937	5.987877111	2.490151504	7.222724209	2.352070094	9.07550743	3.144206686	8.911084153	2.573914389
28	6.24785353	3.025692167	7.334280058	1.965704069	5.92678985	2.363453256	6.967873433	2.748410936	9.066783818	3.073078581	8.835332902	2.496944861
29	6.192495296	2.94751314	7.362560438	1.659361103	5.857094165	2.857621093	6.884627863	2.70478614	8.954094656	2.95527083	8.44293277	2.725087396
30	6.133521903	3.026813776	7.34436271	1.568952909	5.728829675	2.888100402	6.823518039	2.664786394	8.879061013	2.908521482	7.987730068	2.573511854
31	5.987172177	2.938503721	7.337349184	1.88003931	5.607910216	2.70841139	6.88076489	2.57870386	8.94716355	2.735188807	7.947270823	3.029550405
32	5.940765521	3.085271595	7.510817634	1.87215641	5.495832478	2.386341703	6.891203913	2.53206066	9.020794613	2.740340816	7.940285533	2.228931083
33	5.884549002	3.031171455	7.510179259	1.822606707	5.427761953	2.179236118	7.047909282	2.542010367	7.596160875	3.153086502	7.919513045	2.538434978
34	5.849145002	2.97014135	7.500780107	1.772159246	5.368028137	2.147042419	7.271523621	2.556503834	7.497851031	2.714066596	7.896792458	2.419114269
35	5.842935577	2.912525846	7.47832045	2.145262695	5.120568493	2.363614743	7.019364341	2.160677301	7.519577031	2.633534927	7.883341427	1.88129726
36	5.74638082	2.855717813	7.453021423	2.104166131	5.452655188	2.117755445	6.555113438	2.149536419	7.471395111	2.645898391	7.134325427	2.928500634
37	5.652381115	2.789445754	7.443201818	2.071050946	5.459274984	2.26183025	6.542532837	2.098835533	7.241661315	3.164273581	7.169097013	2.632956432
38	5.58751305	2.725371817	7.440137454	2.031418401	5.359650975	2.512208868	6.433749842	2.131626071	7.175697426	3.038457184	7.203677313	2.778063918
39	5.536971926	2.672830943	7.358051394	1.879341378	5.326845263	2.453932445	6.225971452	2.000494304	7.186428395	2.967614943	7.137872771	2.756713045
40	5.494990182	2.621142224	7.347430675	1.853802824	5.310251716	2.418479816	6.141350023	1.978642696	7.226877402	2.899707799	7.051308378	2.729657794
41	5.429854669	2.580681279	7.352011447	2.180176209	5.290333562	2.384036913	6.03886411	1.993303422	7.195606483	2.84263968	6.998312943	2.312323468
42	5.377207551	2.554219623	7.361813073	2.169732234	5.266766682	2.3433109	5.942405299	1.920109401	7.112902259	2.505430253	6.695077055	2.039707064
43	5.32661562	2.523544947	7.327218074	2.221823542	5.227390012	2.120812503	5.949276399	1.950362492	7.085706904	2.437350057	6.697181361	1.990716662
44	5.329434257	2.509959033	7.321824345	2.165712022	5.165101218	2.050337929	5.940060948	1.890008917	7.295305342	2.489894376	6.609801315	2.652311459
45	5.341607462	2.531317046	7.301742053	2.212711359	5.175410875	2.030868596	5.583758329	1.903900281	6.733572164	2.968797805	6.452886729	2.364329339
46	5.257989841	2.488965073	7.259841487	2.19536594	5.113955446	1.706121579	5.583307723	1.856996616	6.784446576	3.326782572	6.304806802	2.426656967
47	5.165788056	2.554466086	7.264559832	2.151677161	5.089575118	1.651416947	5.573012807	1.766615891	6.646656749	3.0125962	6.292428645	2.234866233
48	5.085506474	2.509506493	7.251470319	2.16618815	5.037540423	1.666779402	5.56934815	1.724011223	6.606376957	2.995776908	6.266418639	2.344536445
49	3.762464996	2.312799213	7.303504337	2.115829996	5.02389761	1.625507254	5.532371889	1.618286819	6.617150997	2.917452672	6.210032194	2.438547898
50	3.727848747	2.631707199	5.592305746	2.330144703	4.96576121	1.69670603	5.511236816	1.567828487	6.637532734	3.191854147	6.113445745	2.448591513
51	3.69174498	2.603239806	5.60429709	2.354326561	4.962583591	1.611014442	5.515416783	1.554719069	6.668084161	2.880033687	6.068275619	2.657952431
52	3.669285539	2.570327087	5.623217579	2.307171972	4.919930871	1.413805483	5.484086797	1.560346383	6.696748266	2.851095203	6.102371274	2.629566252
53	3.652913878	2.538707195	5.633800562	2.286619998	4.890869829	1.675674895	5.485730038	1.512514736	6.665602859	2.698979186	6.067930369	2.552258443
54	3.632862074	2.512213779	5.631060936	2.256823506	4.896253289	1.644435059	5.416382648	1.513944063	6.671416967	2.681394574	5.840962273	2.540406565
55	3.614808402	2.484137834	5.626831707	2.22562492	4.900881071	1.621292655	5.422393654	1.498101463	6.566575841	2.629836383	5.747891528	2.531104633
56	3.596920533	2.454121538	5.589068453	2.209039537	5.001455169	1.288789438	5.442990273	1.457848417	6.576546267	2.589083069	5.684909517	2.546410425
57	3.640557054	2.426789804	5.591021644	2.067959166	5.051295682	1.343189207	5.420716809	1.429043713	6.554184183	2.571483289	5.688297295	2.520556887
58	3.624144913	2.398631271	5.589787429	2.172785257	5.04622459	1.288389607	5.394514353	1.453238582	6.634529306	2.553720504	5.665323114	2.472525433
59	3.619307619	2.37232484	5.584558541	2.144682455	5.135942927	1.240603819	5.462169989	1.372320454	6.746857093	2.554332866	5.66528454	2.464347243
60	3.508067968	2.347943639	5.531769906	2.179919479	5.129129857	1.227525571	5.505329708	1.317228128	6.78254999	2.532730686	5.65335682	2.435229902
61	3.590536225	2.322497229	5.527785761	2.151247217	5.092563943	1.222950258	5.572120983	1.269606868	6.800680813	2.328728687	5.657515681	2.2036054
62	3.50050756	2.233451152	5.518447941	1.959667622	5.098344539	1.200570821	5.58550171	1.257555186	6.802406723	2.295892685	5.671620354	2.186297601
63	3.393141239	2.216286783	5.557081958	2.047821409	5.269455097	1.196985581	5.583736273	1.245959871	6.813938271	2.260040881	5.663644749	2.145114201
64	3.378179735	2.19415786	5.558348219	2.032901168	5.260537249	1.191607331	5.576399994	1.224627731	6.825838221	2.234142015	5.640712475	2.332001449
65	5.850736773	2.294053501	5.553771649	2.022166591	5.137419243	1.182654167	5.457113852	1.143606717	6.813600183	2.203172854	5.669193274	2.142170062
66	5.606764729	2.272009553	5.556475029	1.999859016	5.126630198	1.19153793	5.526732765	1.148594508	6.80928032	2.140006828	5.684504952	2.134989391
67	5.602944787	2.252182165	5.531572578	1.891347335	5.100909305	1.179220998	5.532664688	1.12944711	6.806135286	2.117521569	5.67806757	2.089459183
68	5.59818942	2.230120972	5.531326422	1.860937293	5.095533326	1.170695011	5.530562732	1.103727004	6.635398785	2.183796881	5.686625706	2.082084142
69	5.589910192	2.206477197	5.532110073	1.837331525	5.090341779	1.151008199	5.527242575	1.09934682	6.636603029	2.144170598	5.661154752	2.074789831
70	5.575495987	2.188773192	5.550837212	1.829677617	5.094577968	1.151909456	5.510116	1.137868395	6.524676928	2.316518208	5.66444612	2.245031075
71	5.567937803	2.168743169	5.553833901	1.79353374	5.089742321	1.130765761	5.511832027	1.128388555	6.381714714	2.317697632	5.631710245	2.239592082
72	5.553205666	2.145473629	5.563295885	1.781097497	5.094095388	1.112727891	5.374246178	1.167102327	6.330751873	2.293648426	5.648656061	2.217206014
73	5.544927024	2.127720761	5.560521739	1.760772911	5.08521077	1.100942492	5.329592667	1.16587216	6.335425951	2.256999378	5.603023725	2.201051912
74	5.537055567	2.112792223	5.521415736	1.778477701	5.07471083	1.129870056	5.329571725	1.148126523	6.32469681	2.099423277	5.58422124	2.182973336
75	5.533525735	2.099706161	5.527062594	1.763713933	5.076927287	1.112777805	5.264628366	1.206039529	6.384817751	2.282072532	5.38378336	2.566373486
76	5.774018201	2.080953651	5.572184597	1.746066371	5.028045121	1.095843891	5.260498478	1.174206313	6.373925209	2.26028467	5.39241412	2.537220792
77	5.771524371	2.066940985	5.57029894	1.74358674	5.026122519	1.081574423	5.368294712	1.203474379	6.375010204	2.237068007	5.389945684	2.512158171
78	5.774103993	2.053484853	5.602354127	1.729459952	5.019221957	1.10442037	5.386903513	1.185227831	6.306379799	2.298591809	5.379702254	2.490991057
79	5.77217482	2.037775958	5.608434224	1.718622925	5.014428691	1.158662228	5.433511375	1.169639313	6.285616687	2.27731202	5.406506778	2.485338733
80	5.768175372	2.019920007	5.597762096	1.706665877	5.155823939	1.406175517	5.437646093	1.154522012	6.27571416	2.259398607	5.409583426	2.534744722
81	5.766949715	2.007249044	5.60290747	1.701308553	5.209335731	1.380680707	5.316897212	1.15153015	6.282833491	2.223508916	5.390948533	2.528191128
82	5.765811058	1.991904908	5.600321699	1.683081221	5.124030799	1.473062494	5.324773232	1.178841623	6.239304221	2.212707302	5.379420604	2.499924781
83	5.765735489	1.978384539	5.591569223	1.68660882	5.169544803	1.523417415	5.371425649	1.165845728	6.22890741	2.18920673	5.368376233	2.482563445
84	5.765292227	1.970070582	5.586830632	1.708152651	5.163939699	1.511468655	5.352026418	1.231329995	6.208126009	2.311967921	5.429069108	2.467469353
85	5.762067029	1.962771043	5.586231474	1.69482311	5.044297989	1.552600817	5.431442747	1.207285717	6.270860755	2.293254629	5.424383333	2.44840596
86	5.753557825	1.825320004	5.598725679	1.682000096	5.061979505	1.53799391	5.427157605	1.182249341	6.290219361	2.278321403	5.412607879	2.434422131
87	5.891775722	1.809984953	5.588759305	1.66722446	5.228997697	1.526338156	5.468578411	1.213266052	6.296693804	2.260181778	5.466305498	2.405548601
88	5.890941308	1.796286243	5.584584938	1.653418275	5.27536271	1.310215511	5.469311364	1.198681766	6.298061446	2.240947621	5.439689408	2.3908019
89	5.891123662	1.781777419	5.583979216	1.638929411	5.271852487	1.294937172	5.501959442	1.187647159	6.248842429	2.07114667	5.431436864	2.369834197
90	5.89047054	1.769340295	5.579415824	1.624081038	5.255729984	1.284052864	5.515817636	1.250881088	6.25160325	2.056158533	5.437940508	2.281162697
91	5.890624726	1.752467655	5.58049135	1.612304119	5.273908012	1.283331396	5.509025107	1.238868179	6.253080048	2.05331222	5.425635958	2.266004624
92	5.890209448	1.738797488	5.579717407	1.607154116	5.114192298	1.468062047	5.565918638	1.376396329	6.252276593	2.033999307	5.421395937	2.243381374
93	5.890397574	1.724922711	5.580876273	1.642134685	5.103073921	1.438404819	5.593766401	1.381537658	6.252545037	2.015257776	5.536107255	2.321297284
94	5.890455202	1.712084587	5.604440652	1.641896879	5.382885185	1.490334599	5.59747487	1.369550994	6.210674838	2.00980439	5.540636015	2.311655818
95	5.895843497	1.702477533	5.574374042	1.650971997	5.350567995	1.481201839	5.614816416	1.366624493	6.230379573	2.005368423	5.519473265	2.284848348
96	5.894767925	1.689775912	5.593338087	1.643615942	5.302685695	1.52194771	5.626574502	1.347399169	6.234844207	1.985035462	5.580899046	15.24248542
97	5.891319599	1.732819085	5.590627334	1.638065797	5.301740012	1.502935462	5.60680322	1.336952292	6.184789293	1.968663794	5.502923489	15.11615318
98	5.890449968	1.721524462	5.606259528	1.655302251	5.323835179	1.490886909	5.586955778	1.319133468	6.225973971	1.977376135	5.51506734	15.04423541
99	5.889913559	1.671884004	5.583990437	1.64675815	5.346960916	1.479744938	5.546548803	1.30615489	6.231504522	1.969358402	5.514979225	14.96626231
100	6.026191898	2.203757296	5.58350045	1.643077613	5.346829371	1.474122281	5.544315153	1.295429438	6.23884712	1.9621751	5.553599344	14.77545958
101	6.025124459	2.191025393	5.567199157	1.634915973	5.354856937	1.462324352	5.543243609	1.282465206	6.216449726	1.762109087	5.554247397	14.72459648
102	6.024206886	2.178621225	5.570249341	1.624485355	5.376357834	1.4538417	5.551063968	1.265437886	6.228410577	1.752879053	5.533624836	14.66738152
103	6.020178928	2.169973052	5.566082057	1.647967146	5.342711382	1.448320044	5.551542142	1.250353652	6.219392862	1.751118965	5.529176574	14.59848588
104	6.019244649	2.160231371	5.56816141	1.623815517	5.323662297	1.434077377	5.531859622	1.294196423	6.201809851	1.735679106	5.712348729	14.57676976
105	6.017480655	2.14828169	5.569561351	1.617552513	5.365390019	1.434789294	5.565183259	1.299742525	6.191441732	1.697928677	5.757917594	14.51214113
106	6.017420484	2.138296233	5.565108527	1.615023242	4.948880133	1.492561613	5.553882104	1.288972573	6.188484574	1.681275384	5.770807366	14.44218158
107	6.016841643	2.083077612	5.478489507	1.625499741	4.941896226	1.476415549	5.490765729	1.296788917	6.170676356	1.670855207	5.779056982	14.37688628
108	6.015376464	2.069304434	5.486271251	1.610153685	5.393973692	1.47745663	5.493085086	1.279033989	6.169456555	1.656523888	5.778786123	14.30945064
109	6.015092418	2.058782036	5.487676696	1.596364877	5.369020192	1.463611703	5.586257378	1.326504311	6.160281427	1.646824738	5.747156684	14.25716156
110	6.01476607	2.048781756	5.490027597	1.590822866	5.377348502	1.458834855	5.578380423	1.323226879	6.172176144	1.640649707	5.739775104	14.19363547
111	6.014851459	2.037257183	5.496496451	1.579795463	5.358696938	1.45059515	5.598627588	1.316284722	6.125164937	1.628514619	5.739822509	14.1253447
112	6.014430947	2.027485175	5.514517008	1.484392064	5.367894315	1.444535716	5.646143153	1.340620221	6.11980571	1.637594887	5.726440716	14.05740798
113	6.014135096	2.016377974	5.515294543	1.46766219	5.342523517	1.469932622	5.661454223	1.364666388	6.11448979	1.629238495	5.729927942	13.99518693
114	6.013221916	2.005588886	5.522003322	1.478945952	5.358947435	1.440815125	5.661253642	1.351976729	6.210069339	1.653820262	5.763930821	13.94913177
115	6.013367485	1.995770163	5.530811302	1.540352373	5.35870847	1.427609456	5.690615501	1.346266597	6.21148733	1.619110377	5.725246516	13.9344967
116	6.012237018	1.985218991	5.531191198	1.531421739	5.362400927	1.418247055	5.674357595	1.351032808	6.199616496	1.612190653	5.727131938	13.79236557
117	6.011582334	1.97510725	5.515055222	1.539469031	5.367240252	1.425433524	5.672366741	1.33626582	6.218825301	1.60983406	5.728255625	13.72636183
118	6.008738824	1.951305193	5.490364473	1.478081574	5.358811558	1.40530407	5.704483668	1.376731521	6.225809607	1.593832133	5.710308932	13.66423418
119	6.008414358	1.943409881	5.492785709	1.444556927	4.939224603	1.416612453	5.680564356	1.387435155	6.222497464	1.582471625	5.70990033	13.60315985
120	6.007855885	1.934120779	5.469070202	1.446123803	5.262456568	1.441327449	5.669296939	1.386775875	6.213645468	1.568017232	5.732593663	13.53941503
121	6.204548536	1.938103502	5.459092969	1.43819515	5.221136371	1.438793961	5.666750366	1.375000347	6.218919706	1.55725847	5.712326544	13.49467072
122	6.205268613	1.932246987	5.471014937	1.471955129	5.155407552	1.44149181	5.695137758	1.367120414	6.218745629	1.543920777	5.68796402	13.44583921
123	6.204435953	1.922834156	5.471266236	1.474798233	5.195459005	1.423227442	5.6903149	1.356248155	6.244467192	1.690741215	5.689556409	13.33584984
124	6.199345765	1.914544321	5.474232142	1.46583749	5.191461141	1.414351479	5.683092915	1.343106157	6.228830995	1.644340768	5.682851136	13.29217625
125	6.196276768	1.906361126	5.469949429	1.556628947	5.214929067	1.450591866	5.68487671	1.332986248	6.199283488	1.644265978	5.67723204	13.24594689
126	6.192996141	1.898410851	5.494319459	1.575843536	5.218934763	1.460891471	5.684947451	1.323294702	6.224046138	1.633688914	5.679614126	13.19116839
127	6.19412722	1.892482199	5.492776875	1.5670465	5.219346168	1.449311371	5.677033695	1.316465092	6.21225053	1.659251278	5.683058753	13.12868998
128	6.271113967	1.895123142	5.492524597	1.559185343	5.225433753	1.440972321	5.681992318	1.308646023	6.163180486	1.652195325	5.69246716	13.0767679
129	6.270258163	1.886953975	5.488498038	1.566005327	5.211630706	1.432531742	5.643606606	1.30551491	6.169582472	1.640943455	5.677799424	13.03581244
130	6.269336785	1.878582289	5.487832715	1.558827628	5.205530241	1.427556038	5.642216141	1.294633198	6.161079003	1.644261903	5.680877465	12.97041089
131	6.266605193	1.870720434	6.167657541	1.603680667	5.204362961	1.427716146	5.63880274	1.285758327	6.147638082	1.491276367	5.708786304	12.91605804
132	6.266161772	1.868142887	6.163675613	1.596235648	5.240107217	1.309792467	5.644787245	1.273243173	6.094300489	1.465467726	5.711279162	12.85679851
133	5.62577267	1.788033806	6.162172561	1.59751304	5.247548257	1.30932998	5.643743194	1.262895996	6.155472585	1.618872146	5.717279316	12.78537558
134	5.623563956	1.781313094	6.161502658	1.584694244	5.245403512	1.29520865	5.653773187	1.258613828	6.163676975	1.607276972	5.887564054	12.75094284
135	5.620086937	1.774741988	6.200565026	1.603094606	5.079634784	1.519574163	5.698801372	1.257977375	6.210120758	1.607113936	5.888550249	12.69835769
136	5.620053798	1.767713822	6.199901258	1.595296488	5.067977507	1.515048695	5.54838522	1.292551625	6.213732257	1.584556626	5.887732029	12.65162017
137	5.619243868	1.761910423	6.22096898	1.608267369	6.566363754	1.838172104	5.525361364	1.316876141	6.171052496	1.56898214	5.974962094	12.62546816
138	5.617878307	1.754371187	6.230388127	1.600610039	6.52088236	1.748730505	5.545345144	1.341587191	6.153729848	1.561331966	5.98373483	12.58787832
139	5.616572786	1.747919844	6.201526996	1.535444237	6.506805327	1.756345035	5.472300148	1.362447306	6.136154844	1.550002826	5.971780761	12.54092915
140	5.609802902	1.73992161	6.189293688	1.579013421	6.480129496	1.829080194	5.55505696	1.393768535	6.224616784	11.50374168	6.067467867	12.52012872
141	5.62133499	1.746548582	6.186618456	1.568996381	6.483621768	1.812232236	5.541891851	1.395754734	6.219182236	11.4424576	6.15491591	12.45526915
142	5.621556885	1.740927385	6.205897412	1.564663206	6.48209566	1.734159435	5.470181038	1.442440444	6.267069642	11.41139425	6.175687897	12.43194961
143	5.620148957	1.733257944	6.218484381	1.51183777	6.455813053	1.842500716	5.46467918	1.43096306	6.276363662	11.37070313	6.175211785	12.38350668
144	5.619296363	1.726446413	6.222894288	1.491221071	6.458576108	1.83240385	5.467305122	1.419308326	6.312595493	11.34308142	6.170118526	12.33265494
145	5.618981607	1.719818947	6.214236945	1.507267321	6.36855362	1.881802319	5.467421008	1.40974962	6.322431255	11.30667219	6.185060919	12.33347261
146	5.629463504	1.716322341	6.212758911	1.51198633	6.344766479	1.877539693	5.465005753	1.402674853	6.404549656	11.27426759	6.159740539	12.28503033
147	5.627112202	1.709015717	6.216806133	1.507625985	6.355865606	1.798765695	5.25456153	1.400498895	6.467985357	11.24937956	6.175709795	12.20934303
148	5.662952751	1.708677143	6.204556576	1.507598187	6.343032026	1.79404231	5.245683239	1.392896627	6.556392467	11.21897638	6.149433557	12.15566516
149	5.902033851	1.672810358	6.191394008	1.690935236	6.802281228	1.93569141	5.210622538	1.40606744	6.515379657	11.19687498	6.150447524	12.11421775
150	5.901281792	1.666206557	6.189425498	1.68813102	6.802279229	1.927171832	5.310486504	1.400857783	6.540720709	11.15702206	6.146570444	12.05437979
151	5.898712337	1.65881755	6.183566881	1.683022883	6.800879028	1.918493865	5.306970734	1.394128164	6.32914042	11.0936715	6.147862838	11.80933051
152	5.895575148	1.651934366	6.194954917	1.684320307	6.823241365	1.980946449	5.295758333	1.464604319	6.317208773	11.05470917	6.132037355	11.73215449
153	5.893255643	1.646938352	6.236759921	1.564976087	6.8246131	1.973121791	5.26017477	1.468367429	6.3233098	10.99563402	6.130706135	11.69457088
154	5.892755055	1.641093546	6.240712893	1.601902822	6.864375263	1.914905152	5.32471584	1.473322142	6.391150286	10.97168342	6.124665555	11.6429154
155	5.891416374	1.635374537	6.239663208	1.5492626	6.871425824	1.900180356	5.324914833	1.473844584	6.484515032	10.93860092	6.123298964	11.60325597
156	5.890716558	1.629478755	6.241390195	1.542056442	6.86612619	1.774173499	5.321909137	1.467222911	6.465357478	10.91124826	6.126287707	11.56520265
157	5.890098464	1.623499887	6.230886189	1.535552203	6.948971651	1.770673975	5.321549556	1.459466031	6.472101376	10.87698879	6.12388009	11.52897584
158	5.885216875	1.617596916	6.219775402	1.585745658	6.950268617	1.759384493	5.319430614	1.45208605	6.442781855	10.82183894	6.162468213	11.53357269
159	5.88298809	1.612654685	6.223015002	1.585204759	6.955413324	1.739924651	5.321322303	1.451964409	6.453671764	10.79215695	6.142361722	11.50102671
160	5.877008826	1.634116836	6.222242306	1.556522702	6.953489476	1.725963064	5.334864892	1.46743028	6.433915182	10.75552826	6.178527069	11.47707511
161	5.874397144	1.577285101	6.231067184	1.574558112	6.924781299	1.715980422	5.332070112	1.46269553	6.568564483	10.76189426	6.250226227	11.34374838
162	5.873440131	1.56692878	6.236122701	1.517771244	6.91649523	1.71962231	5.421369971	1.454632128	6.529970039	10.6900402	6.276048454	11.32032372
163	5.872784514	1.561104809	6.238513298	1.506299121	6.916537424	1.711474466	5.432309931	1.444591876	6.405284638	10.68715867	6.326473154	11.2910447
164	5.864728458	1.568220053	6.250895074	1.503782768	7.457624642	1.696059135	5.431718646	1.435592485	6.384808769	10.65040351	6.281851985	11.24142871
165	5.856820764	1.561671883	6.235879543	1.500579437	7.454801874	1.673796602	5.408839464	1.450736801	6.337624823	10.61487544	6.284519611	11.24772652
166	5.85597739	1.555600057	6.235065815	1.493134782	7.448190368	1.664519929	5.405110796	1.440615316	6.356738339	10.54500781	6.353277807	11.22614696
167	5.854890113	1.55258364	6.235725639	1.484815446	7.456001796	1.658469363	5.406868373	1.435228069	6.335339091	10.52648816	6.414845415	11.20082751
168	5.855648371	1.546133761	6.230774831	1.481547894	7.529810722	1.662825099	5.422908316	1.429841559	6.319741883	10.49417983	6.417343969	11.1683907
169	5.837946689	1.514772817	6.230182792	1.475672225	7.529877562	1.654588906	5.426875603	1.41936294	6.314720264	10.45168497	6.449130471	11.09798177
170	5.835239054	1.495632232	6.224437105	1.526387675	7.681818089	1.781309399	5.423779041	1.413336417	6.338725559	10.43753904	6.448521122	11.04549844
171	5.835087531	1.49219071	6.224073819	1.519907812	7.745322346	1.772089021	5.435840124	1.37631559	6.363677784	10.42939445	6.333743763	10.98378273
172	5.83158895	1.502119276	6.216292719	1.473871333	7.734228128	1.764029331	5.392118588	1.379970006	6.386473865	10.41107377	6.357427722	10.95266263
173	5.830875835	1.491060857	6.220116877	1.463621534	7.520638555	1.730630943	5.393397992	1.380375496	6.396380558	10.38245686	6.321943191	10.91419617
174	5.830777153	1.485627106	6.219359205	1.469308768	7.483883696	1.734654145	5.407080583	1.442844519	6.60220813	7.817450866	6.322151252	10.88224258
175	5.97001423	1.463719706	6.218901945	1.464985585	7.472988372	1.755656049	5.403325135	1.38711123	6.592974646	7.782337187	6.313932359	10.87642908
176	5.969620715	1.454195238	6.217438228	1.46011146	7.474156357	1.744797542	5.45545958	1.385090598	6.680724565	7.743520611	6.355505512	10.85028126
177	5.969363184	1.448053739	6.217279097	1.453797177	7.55712666	1.732366859	5.283579237	1.589601483	6.685172945	7.710747052	6.350914488	10.82162366
178	5.980095452	1.445597687	6.218661877	1.449107366	7.564776485	1.722422722	5.329615448	1.544123497	6.698058265	7.691980508	6.398754557	10.74853627
179	5.973887661	1.428739876	6.182470994	1.440626722	7.56699455	1.715173795	5.3350686	1.543215644	6.762321064	7.604673725	6.373503119	10.70137748
180	5.973359773	1.422554735	6.17164385	1.439816391	7.58014734	1.708370586	5.341394799	1.578789031	6.73310141	7.59637379	6.332170077	10.66198738
181	5.98206848	1.414904682	6.171596721	1.434672847	7.518342955	1.707144658	5.345699195	1.581168198	6.729500422	7.574551642	6.33682852	10.62585797
182	6.137375317	1.493473876	6.207955747	1.442292904	7.529558127	1.700194495	5.341477994	1.572629016	6.758210397	7.605105061	6.35656456	10.60579442
183	6.136630741	1.489852364	6.129547518	1.437574825	7.536241462	1.696726075	5.346179415	1.567346951	6.79270659	7.586981187	6.41941711	10.56829687
184	6.136359457	1.485479383	6.116968678	1.434011246	7.583790224	1.698675707	5.350433805	1.566604867	6.794859197	7.565181729	6.588769803	10.57161148
185	6.136057918	1.481206885	6.121788494	1.432443924	7.583773695	1.691380234	5.34572743	1.561586406	6.746640907	7.56511113	6.598083189	10.5533492
186	6.136782304	1.480388114	6.123400651	1.427459539	7.190382019	1.675488994	5.338517387	1.558640211	6.731005315	7.546383952	6.598490263	10.52525107
187	6.128447179	1.478534814	6.124415377	1.423603292	7.173728498	1.648268085	5.358444596	1.556195316	6.726772501	7.523885308	6.619996804	10.49825945
188	6.128696592	1.47493104	6.130300896	1.419722487	7.17977185	1.641444536	5.354193646	1.55098942	6.754804523	7.531136122	7.162254961	7.785105498
189	6.127878433	1.473886957	6.129895834	1.414581768	7.220027853	1.647332128	5.312223475	1.563357653	6.758272986	7.514039274	7.125711088	7.785893013
190	5.768166965	2.44516616	6.101220417	1.417794177	7.267180011	1.655172762	5.31202459	1.555320055	6.696293398	7.509368483	7.109202882	7.760243657
191	5.833622874	2.099098864	6.102322742	1.413719437	7.841856378	1.628629694	5.319855707	1.546103009	6.724922162	7.480600198	7.074306453	7.763698225
192	5.839403989	2.562697595	6.085453965	1.547259066	7.842487484	1.621858578	5.307271116	1.623971383	6.715445407	7.463494803	7.041627917	7.731921864
193	6.124133537	2.760732813	6.084719388	1.541970507	7.820170475	1.612780015	5.307220437	1.619425149	6.722505685	7.441370569	7.03298529	7.681432055
194	6.124922986	2.754122995	6.081432737	1.535040618	7.838479496	1.61427792	5.31587199	1.62900365	6.720720983	7.418879813	7.040941105	7.658278558
195	6.124486092	2.747400896	6.08837501	1.558369318	7.822862967	1.606728166	5.348906981	1.626730497	6.723605651	7.395947776	7.094036317	7.596182595
196	6.122983353	2.742172239	6.104740861	1.580376604	7.843215603	1.599817131	5.312612702	1.622749441	6.76695422	7.368087774	7.067792604	7.561520599
197	6.11937619	2.734668904	6.144025452	1.575353636	7.905898755	1.59179352	5.301245862	1.708567295	6.797163929	7.372670615	7.143414462	7.55550038
198	6.123022716	2.727189907	6.146633069	1.572852099	7.780509847	1.677351025	5.301487657	1.699717966	6.762579245	7.361661181	7.132507025	7.531160889
199	6.120564364	2.719403097	6.158613991	1.57999179	7.751944236	1.667943155	5.303038097	1.686632658	6.730726168	7.34345235	7.128894672	7.513980944
200	6.111779891	2.710392152	6.160817156	1.57617208	7.74199819	1.598571366	5.30643669	1.724078809	6.739923351	7.325756929	7.298118511	7.520801094