Ntrain	Dimsum2	LOOCV2	Dimsum5	LOOCV5	Dimsum10	LOOCV10	Dimsum15	LOOCV15	Dimsum20	LOOCV20	Dimsum25	LOOCV25
1	18.85981976	7.108836766	1	1	30.84136453	19.71843957	22.75031371	24.19987264	21.57462706	43.13582862	27.54362249	26.8598826
2	18.49688575	5.469866013	1	1	23.49548497	10.041391	18.89429935	12.8305801	17.39038496	14.89234268	18.96945019	13.26341736
3	18.15988171	3.974347133	1	1	17.96112504	9.347687154	15.64892385	9.780630014	16.86390241	9.769474969	17.72254979	7.596158473
4	17.82310989	3.278373997	1	1	17.42210976	6.3723355	14.85177496	7.711371406	16.66014472	7.414353231	14.41381348	8.856962606
5	17.71404354	2.864820057	1	1	16.27099556	4.558975508	14.02195099	5.621718961	16.63292037	6.017425126	13.88349676	6.513605182
6	17.27987425	2.551431887	1	1	15.30081648	6.084907845	13.8574584	5.219950801	14.92807323	6.837243694	13.1930207	5.676476476
7	17.25560151	2.158995605	1	1	15.06695323	4.565874487	12.33348368	4.666665021	15.01925965	6.009868295	13.25134479	4.496064149
8	17.17609102	2.015100282	1	1	15.03177974	4.880725933	12.91532252	3.320544407	15.09731015	5.223289112	13.35782549	3.815903246
9	16.92760577	1.913739943	1	1	14.98277407	4.345141074	12.83490978	3.87244279	15.31571868	5.028998474	13.30013043	3.391099651
10	16.4062328	1.914953567	1	1	15.10415784	3.976354953	12.92360168	3.582700258	15.43752075	5.153733376	13.32103621	3.198643226
11	16.38548869	1.631091783	1	1	11.89817637	5.172791552	13.0391003	3.280336549	15.76605906	4.659071487	13.38845955	2.972130792
12	16.30618952	1.581774859	1	1	11.83178608	4.409604165	12.78803363	3.133027289	15.92685861	4.247467637	13.44456061	2.785778744
13	16.13166992	1.69790546	1	1	12.11435759	4.248076623	12.64308279	3.189984385	15.84134407	4.148656136	13.57009514	2.647085779
14	16.04467355	1.866331724	1	1	12.07649261	3.976256469	12.46601803	2.763726054	15.46174376	4.096552697	13.6540424	3.048274427
15	15.96936989	2.509304246	1	1	11.64552556	4.057761053	12.51650422	2.526168461	15.5761851	3.87268339	13.82397956	2.643281034
16	15.90491024	2.694062554	1	1	11.59964548	3.567806777	12.35981	2.80436694	15.62148983	3.749828951	13.84838008	3.449968546
17	15.85169878	2.593795142	1	1	11.53364018	3.380799155	12.39390886	2.499504847	15.43011901	3.555400901	13.95370119	3.31133494
18	15.58121597	2.618892147	1	1	10.99432906	3.580689395	12.40155328	2.383677272	15.32640219	2.853077232	14.0161323	3.636667044
19	15.51460045	2.5564425	1	1	10.99089796	3.443518909	12.42081011	2.251245422	15.34407561	2.903612197	13.71807211	2.699121711
20	15.41662582	2.533667978	1	1	10.57721177	3.527923464	12.49141686	2.502340062	15.40186922	2.676838131	12.94742356	2.743080486
21	15.37482084	2.582871622	1	1	9.526362051	3.047026189	10.8217164	3.27693849	15.34459587	2.61460851	13.04784146	2.59150429
22	15.31167501	2.534773701	1	1	8.975044369	2.872413197	10.80703777	3.578066661	15.34639589	2.51535682	13.05112833	2.407249715
23	14.98709859	2.937526552	1	1	8.837835792	2.733557087	10.14155856	3.944158069	14.9913756	2.863991019	12.96740619	2.361444084
24	14.66685466	2.878312394	1	1	8.934630239	2.824592083	10.11696188	3.834242184	14.6943608	3.264212172	13.14860023	2.348479526
25	14.43521595	2.829547482	1	1	8.962678063	3.145583698	10.24988083	3.496567357	14.68585371	3.128483736	12.98517813	2.975521333
26	14.25524736	2.778936839	1	1	8.910536955	2.690152713	10.30137645	3.413038632	14.7718123	3.638402421	12.77655744	2.533410248
27	13.9717398	3.057196775	1	1	8.877010464	2.57983072	9.731985211	3.190090643	14.61687247	3.449902549	12.65343479	2.637878823
28	13.94001104	3.00837584	1	1	8.804418515	2.764038744	9.519335402	3.061323799	14.62166879	3.368293661	12.73194925	2.594228872
29	13.36937195	2.988688145	1	1	8.740456907	2.885749879	9.302311502	3.067664294	14.63480623	3.293261502	12.85638157	2.739577292
30	13.14387905	2.92203136	1	1	8.870919516	2.844907094	9.355459386	3.016613123	14.29238704	2.833255271	12.71898808	3.129851226
31	12.84094673	2.845248931	1	1	8.834871012	2.827317197	9.29294505	2.884300716	14.42723323	2.869222082	12.76616377	3.485729893
32	12.58959583	2.790294371	1	1	8.819295724	2.796688798	9.237054494	2.686980263	14.23261021	3.492272587	12.77179947	3.400010442
33	12.35687043	2.740773361	1	1	8.814387109	2.733232074	9.384780725	2.765902607	13.82784987	3.184644964	12.44465727	3.435162283
34	12.19918082	2.695794971	1	1	8.809387498	2.669158775	9.287231214	2.605429081	13.69254179	3.189002655	12.49015563	3.374191963
35	12.06228515	2.717502693	1	1	8.868247882	2.674958842	9.243269895	2.492749197	13.69885985	2.857832032	12.2749059	3.511115058
36	11.85945791	2.6746171	1	1	8.830222366	2.157951076	9.23560758	2.434912375	13.72664147	2.720183761	12.23590242	3.457527252
37	11.84924591	2.64637347	1	1	8.826250676	2.095575883	9.091567873	2.898101763	13.20953047	2.577154367	11.97439318	3.429637079
38	9.828178366	2.80724317	1	1	8.825105872	2.053087706	9.098318256	2.858300378	13.20431236	2.753159239	11.90347896	3.336522872
39	9.452032099	2.74982047	1	1	8.791261409	2.124505088	8.267123136	2.923619945	12.97444188	2.376934354	11.96140057	3.300756661
40	9.379726662	2.834825575	1	1	8.800812694	2.198326847	6.854155306	2.869468012	12.9408759	2.333893084	12.04551023	3.249856343
41	9.316528831	2.680563035	1	1	8.764333438	2.020080634	5.618196575	2.678128496	12.64954346	2.633597795	11.74002394	3.274915089
42	9.671531787	2.555306852	1	1	8.756461594	1.957510526	5.538108932	2.753565452	12.67077903	2.58674945	11.68646191	3.195786864
43	9.682266776	2.514729493	1	1	8.534049943	2.435507303	5.602359145	2.916121656	11.89440226	2.510920177	11.37424124	3.059969702
44	7.475569376	3.024898339	1	1	8.537159264	2.332897956	5.589597568	2.870802663	11.8815325	2.44478123	11.41560089	3.026791389
45	7.474946348	2.89131298	1	1	8.532345266	2.199474009	5.603000176	3.007773378	11.88353882	2.382153494	11.37298364	2.988935962
46	7.682179222	2.853315792	1	1	8.417603844	2.216220086	5.483802111	2.785246044	11.7331407	2.30923809	11.29313773	2.989390495
47	7.665579528	2.811626154	1	1	8.446872419	2.168650745	5.407228614	2.751266609	11.79149427	2.267354165	11.19268891	3.123866933
48	7.630433229	2.776505287	1	1	8.416964939	2.093358996	5.407664689	2.549372899	11.22417561	2.384427082	11.16802124	3.065837555
49	7.576919137	2.740694198	1	1	8.382486	1.877174346	5.290990715	2.250414213	11.12155718	2.313535799	11.17502306	3.024876572
50	7.531347413	2.837880031	1	1	8.401081407	1.83240013	5.27570207	2.429397911	11.09072461	2.067447819	10.97091696	2.970746295
51	7.528691743	2.802890554	1	1	8.382296893	1.797868115	5.274442256	2.202105317	11.12660384	2.062166954	10.90711398	2.93275198
52	7.26452543	2.761146775	1	1	8.384520594	1.755555312	5.409191565	2.177016632	10.48089361	2.267828624	10.93353889	2.878360587
53	7.258504852	2.722170118	1	1	8.374751305	1.722842297	5.304385918	2.154510094	10.68044968	2.129471924	10.823156	2.861849622
54	7.238010989	2.689718867	1	1	8.339074543	1.707400108	5.303442697	2.123140479	10.66580726	2.045371622	10.73436341	2.789141994
55	7.211908521	2.645246638	1	1	8.244356306	1.812289052	5.303168842	2.0957122	10.61336104	1.943555861	10.43263513	2.647574344
56	7.166802932	2.748628314	1	1	8.241152658	1.989284967	5.30257619	2.079820102	10.25219527	1.919152539	10.30782859	2.825620626
57	7.208767563	2.721162182	1	1	8.241468925	1.824440356	5.273724862	2.203771355	10.07637447	1.864106564	10.18435449	2.778720241
58	5.888944125	3.356622359	1	1	8.289407116	1.784018677	5.266786147	2.171520568	9.878683775	1.836885122	10.22375877	2.758918784
59	5.871272128	3.321630464	1	1	8.366306258	1.98686638	5.260485463	2.126884585	9.802285063	1.483935775	9.773571268	2.745167544
60	5.90309319	3.247490963	1	1	8.357913014	1.968360556	5.279545921	2.100775278	9.798932267	1.443066676	9.835228084	2.702351364
61	5.818509259	3.222771023	1	1	8.373595328	1.942140232	5.278827834	2.077415748	9.805455037	1.526244631	9.841344753	2.668338982
62	5.566393187	3.146897366	1	1	8.092780103	1.717700141	5.329551139	1.952978661	9.886240959	1.476491733	9.589962008	2.662106488
63	5.543886053	3.113033604	1	1	8.001825264	1.696472384	5.329967045	1.932334573	9.170089651	1.526255811	9.364410024	2.161584587
64	5.532373849	3.082554413	1	1	8.046754048	1.50395543	5.367487565	1.908872069	9.142352188	1.48111754	8.783402416	2.179831938
65	5.457437026	3.178169193	1	1	7.940218987	1.753972692	5.386612115	1.681876758	9.04132721	1.536634318	8.742047606	2.159207438
66	5.431170643	3.282680715	1	1	7.91519099	1.708764726	5.426846997	1.911705844	8.967089075	1.566268838	8.711559008	2.212561148
67	5.398715811	3.268370899	1	1	7.922636201	1.690122165	5.41571796	1.896536847	8.95038691	1.540113358	8.629516058	2.094687497
68	5.37889684	3.338998624	1	1	7.955473637	1.477982272	5.4914857	1.757369693	8.679471345	1.481646842	8.651366744	2.044682691
69	5.337296885	3.30939125	1	1	7.791722258	1.458146264	5.544673412	1.673083027	8.36002367	1.501318798	8.581159206	2.006933203
70	5.324612476	3.283352508	1	1	7.820006102	1.445282706	5.578365102	1.885742419	8.174627279	1.463030004	8.574282931	1.989162488
71	5.280303556	3.2598368	1	1	7.758175603	1.441989484	5.493307933	1.699177321	8.205217899	1.448229182	8.583131461	1.971651551
72	5.263522852	3.232541918	1	1	7.762916566	1.42263001	5.545461394	1.753986137	8.19273627	1.464579642	8.552211188	1.987593683
73	5.243862524	3.208097233	1	1	7.769646402	1.401701614	5.650248835	1.458893171	8.178678578	1.53485001	8.559492556	1.958529561
74	5.196503691	3.185456922	1	1	7.746846798	1.386784513	5.645139362	1.47241096	8.165851618	1.508488615	8.528182862	1.929037538
75	5.155532804	3.160237074	1	1	7.748506648	1.373370976	5.586741247	1.638335426	8.147299182	1.494119573	8.546560102	1.956104063
76	5.147400356	3.138143665	1	1	7.700577557	1.362472497	5.566934223	1.647833752	8.155936539	1.479358621	8.565759237	1.932819495
77	5.112753124	3.112931961	1	1	7.703427821	1.377672474	5.531356858	1.653604413	8.155966092	1.45206982	8.482275562	2.088362875
78	5.10058621	3.087445477	1	1	7.644896645	1.395828909	5.431270176	1.381333968	7.988575498	1.370569042	8.42063152	1.930418731
79	5.086845213	3.065486602	1	1	7.666701065	1.382453645	5.34289505	1.349206109	7.982642698	1.36352631	8.414957212	1.87435904
80	5.072086581	3.048313759	1	1	7.678804363	1.363339946	5.220577284	1.351498467	7.993377402	1.350765896	8.135658717	1.816430714
81	5.043447001	3.031035116	1	1	7.668588132	1.397746101	5.160363083	1.364844216	7.978216699	1.331581069	8.113108774	1.789216641
82	5.029590171	3.01082006	1	1	7.666856988	1.334159978	5.220344403	1.382935388	7.969703884	1.309395126	8.105809306	1.662539272
83	5.018625964	2.990252253	1	1	6.762333564	1.70243091	5.229397176	1.369567427	7.947640787	1.283825901	7.727421735	1.736407841
84	5.01799422	2.970505171	1	1	6.784596762	1.51012007	5.207071083	1.407228705	7.978733576	1.266207647	7.55715477	1.685145087
85	5.000048427	2.95348073	1	1	6.789758778	1.402910157	5.207304553	1.610838414	7.995502655	1.253891004	7.517231695	1.777958087
86	4.998202428	2.928682022	1	1	6.794548092	1.390643464	5.183644056	1.603806652	7.994085617	1.236808099	7.52633277	1.832734029
87	4.987558395	2.824525338	1	1	6.810775762	1.37905468	5.076082182	1.575653011	6.750062321	1.219189354	7.542058663	1.658428093
88	4.973749655	2.798727989	1	1	6.789156311	1.399799135	5.076219318	1.561295686	6.578496734	1.227124788	7.460490054	1.965435317
89	4.963687412	2.778164953	1	1	6.805730521	1.376553271	5.039372818	1.596648858	6.378492713	1.226539022	7.468948086	1.945099978
90	4.960791455	2.756845439	1	1	6.762470686	1.44335257	5.01444518	1.585992642	6.354765626	1.207955779	7.493054148	1.937133464
91	4.959385129	2.739158638	1	1	6.772093944	1.433382432	5.017581639	1.571767855	6.289035256	1.238717094	7.445819532	1.666943337
92	4.944625703	2.719403662	1	1	6.773376772	1.481556967	5.019017572	1.555965904	6.019419792	1.235076564	7.436174045	1.747401324
93	4.922081398	2.69979973	1	1	6.776714986	1.46112136	5.077995911	1.577271501	5.996286365	1.249861012	7.530363666	1.715138006
94	4.913163141	2.683770568	1	1	6.798178732	1.452259023	5.03402709	1.553826655	6.037505955	1.300900342	7.460045703	1.494485849
95	4.9081716	2.610676137	1	1	6.787304178	1.466172527	5.388040485	1.547291685	6.014240401	1.280361964	7.367659388	1.424673952
96	4.901657789	2.584207653	1	1	6.79232748	1.534347762	5.383692145	1.533813236	6.013123858	1.271429976	7.356623969	1.433007903
97	4.900043789	2.566638005	1	1	6.797155953	1.547990455	5.36231917	1.529806427	6.00685295	1.244050512	7.387764517	1.426574049
98	4.897983351	2.550147643	1	1	6.798553514	1.541289232	4.250359584	1.601600407	5.995672561	1.223350825	7.401020019	1.41664091
99	4.850441155	2.511037215	1	1	6.803403683	1.532292688	4.247911696	1.569444643	5.972770661	1.234032856	7.487323995	1.625396441
100	4.847782015	2.492326402	1	1	6.795282305	1.51821697	4.279887244	1.558979999	5.67700119	1.223074976	7.551973419	1.831998315
101	4.844188187	2.475098546	1	1	6.797894573	1.506569542	4.298659791	1.552172363	5.663733304	1.19425822	7.435932204	1.523196354
102	4.843153163	2.459070747	1	1	6.776841492	1.503835148	4.279786051	1.552412066	5.606561879	1.196242355	7.499171192	1.626328472
103	4.862160807	2.448131509	1	1	6.774417313	1.491996671	4.277683318	1.5363338	5.628853902	1.212801645	7.467403651	1.689769074
104	4.828833962	2.438571743	1	1	6.739684198	1.494712284	4.279087661	1.526071841	5.493880512	1.263498835	7.465440913	1.77753696
105	4.817861495	2.430919338	1	1	6.774322929	1.537737533	4.248833334	1.531336173	5.49404193	1.244098951	7.507033612	1.822626849
106	4.846214516	2.423583983	1	1	6.781201221	1.535137465	4.313166521	1.536051313	5.492181144	1.226974958	7.527177478	1.80052687
107	4.843974315	2.409939298	1	1	6.779673818	1.52442137	4.307768481	1.526803958	5.444145622	1.194086083	7.512160662	1.589370966
108	4.838541448	2.396203575	1	1	6.756054086	1.515171367	4.300920843	1.568175275	5.427207497	1.194747947	7.510299014	1.837526783
109	4.833394351	2.384446533	1	1	6.765140042	1.50751889	4.299248694	1.557308532	5.417085222	1.174840243	7.515405119	1.826981643
110	4.832791077	2.372248934	1	1	6.767747794	1.502930345	4.296899028	1.536691588	5.423527398	1.177583264	7.488695343	1.815603686
111	4.831442605	2.360232493	1	1	6.749477555	1.486726927	4.333864508	1.528317345	5.433658986	1.171986495	7.415726961	2.117458962
112	4.846117366	2.350017623	1	1	6.743983344	1.489595378	4.365552752	1.549937332	5.415194013	1.161032489	7.461668704	1.980692691
113	4.843544993	2.335785983	1	1	6.736892147	1.376382392	4.385708454	1.529085497	5.296441262	1.151871703	7.542149121	1.947820212
114	4.83498493	2.325905935	1	1	6.749924599	1.362380429	4.415379294	1.522340123	5.300757749	1.134652592	7.502415161	1.928448175
115	4.829608272	2.314809681	1	1	6.746033439	1.343979018	4.403440222	1.522083969	5.299793414	1.108921176	7.545803899	1.915348807
116	4.829647607	2.304612114	1	1	6.716814457	1.348374954	4.709344726	1.514396865	5.308982379	1.143258586	7.523963334	1.666654428
117	4.827688324	2.293594648	1	1	6.704754422	1.343923841	4.714320258	1.505112469	5.329590927	1.15478626	7.493049808	1.640995169
118	4.819248982	2.277879218	1	1	6.720606909	1.348052746	4.42140882	1.49839248	5.326285985	1.147394688	7.505243833	1.632962585
119	4.80830965	2.269391038	1	1	6.720516497	1.338161329	4.345243681	1.531453248	5.322881901	1.153739163	7.472074605	1.626247171
120	4.799479229	2.257630573	1	1	7.618280289	1.530473413	4.662297588	1.520476852	5.312141693	1.150073381	7.551342805	1.645432004
121	4.79434896	2.247354721	1	1	7.641901434	1.510264658	4.413356276	1.552376417	5.318331267	1.140121096	7.573163692	1.655795159
122	4.830578029	2.243590732	1	1	7.634617981	1.501399267	4.416861988	1.54327292	5.315326958	1.129763373	7.549876018	1.652550821
123	4.824096529	2.236743425	1	1	7.612506742	1.489457749	3.987394309	1.557303056	5.303727387	1.106454633	7.546673033	1.630368809
124	4.823125214	2.226730728	1	1	7.612231074	1.485685729	4.028107764	1.566338677	5.26894539	1.521106633	7.577168146	1.646713281
125	4.822096355	2.216969314	1	1	7.675087693	1.607072642	4.030960575	1.559064895	4.855341269	1.551764103	7.635439448	1.664123397
126	4.823419926	2.207935313	1	1	7.700241611	1.596734114	4.117405239	1.572846384	4.312057426	1.3474849	7.549197942	1.645253928
127	4.754969463	1.958113686	1	1	7.676099155	1.600132742	4.115991748	1.562157852	4.310840867	1.319304159	7.545095653	1.633119624
128	4.752940622	1.9507382	1	1	7.670117847	1.595743168	4.108882629	1.564020716	4.305908643	1.30415716	7.54032858	1.79494652
129	4.756320151	1.946144706	1	1	7.672051085	1.582482424	4.077642913	1.571584439	4.302877219	1.297859844	7.371159015	1.734230321
130	4.755311919	1.937510607	1	1	7.637426337	1.57573064	4.091911007	1.564993894	4.283485347	1.287099874	7.370425138	1.778684123
131	4.762058328	1.929238048	1	1	7.63563338	1.584142494	4.112020777	1.559008482	4.31839827	1.341232198	7.372018288	1.764758076
132	5.172478135	2.114842962	1	1	7.731140516	1.50783996	4.109254393	1.54850787	4.33759062	1.253589831	7.436645079	1.698059582
133	4.770892448	2.105499074	1	1	7.735340467	1.504160255	4.0914093	1.543161007	4.318532552	1.232632481	7.339888474	1.581508839
134	4.765219141	2.095524464	1	1	7.725410305	1.521964169	4.126424745	1.540758174	4.296965763	1.2591313	7.402604991	1.561788314
135	4.76420158	2.086753956	1	1	7.714202054	1.511788914	4.077531185	1.572883685	4.299596756	1.256746658	7.409649708	1.553389898
136	4.764680981	2.078094696	1	1	7.681584513	1.515465492	4.069490228	1.563644082	4.29098426	1.257516794	7.40202731	1.538146841
137	4.763864296	2.069470593	1	1	7.676647224	1.505010168	4.065286819	1.567935697	4.286169955	1.23229962	7.429259331	1.527521176
138	4.767212618	2.063464132	1	1	7.676512491	1.496329957	4.018942865	1.582408959	4.286475629	1.209347478	7.350986041	1.609797178
139	4.764474877	2.054821687	1	1	7.696681359	1.483911671	4.014800662	1.577140359	4.280870141	1.198249936	7.351171756	1.599871051
140	4.760061985	2.046663504	1	1	7.666404577	1.469173449	4.023471785	1.571980799	4.299564276	1.184127917	7.394155795	1.579209837
141	4.758646475	2.037009344	1	1	7.597315747	1.492627623	4.022177657	1.563457246	4.312866023	1.183729803	7.389928669	1.566434387
142	4.7537945	2.028638769	1	1	7.578118393	1.481526092	4.032564853	1.561671535	4.415757309	1.176302327	6.957112579	1.562832187
143	4.769067343	2.032099886	1	1	7.578173602	1.472881449	4.054326308	1.556786932	4.421630154	1.174204506	6.948239129	1.541654737
144	4.762979593	2.023428827	1	1	7.579662871	1.466347132	4.090666926	1.555053833	4.422704876	1.164761429	6.948488782	1.530325036
145	4.761742697	2.016783262	1	1	7.582685959	1.487942043	4.096845969	1.546648581	4.407867433	1.162508834	6.912750585	1.587658352
146	4.759093059	2.009060144	1	1	7.586319558	1.479859674	4.059705495	1.56426751	4.409107798	1.153681604	6.908245068	1.564609714
147	4.765691953	2.00154648	1	1	7.805825162	1.551448366	4.053783283	1.558358196	4.400567609	1.158479665	6.908293344	1.553490944
148	4.756674011	2.020150157	1	1	7.846311363	1.538914967	4.050984992	1.54880247	4.410873594	1.151291106	6.90262726	1.535319086
149	4.75445545	2.012761982	1	1	7.830325152	1.544577315	4.05424833	1.537346142	4.426035698	1.173680001	6.905693703	1.530543377
150	4.875399167	2.064535962	1	1	7.829756566	1.536654186	4.087111641	1.536134891	4.420984138	1.171832114	6.895744212	1.529238693
151	4.871263559	2.056823638	1	1	7.8246626	1.529589805	4.089411413	1.526073188	4.457232225	1.190425514	6.899123636	1.512707066
152	4.864223882	2.051417545	1	1	7.826626518	1.520640242	4.088165893	1.516221426	4.465799848	1.180846344	6.905754173	1.511916878
153	4.886929545	2.006015242	1	1	7.848762489	1.509960555	4.097050227	1.511073712	4.465591873	1.172415723	6.892306547	1.547416101
154	4.886030345	1.998219489	1	1	7.836196903	1.550218642	4.085744353	1.505831776	4.477948006	1.162864601	6.915372198	1.495875931
155	4.886258982	1.991818143	1	1	7.844203053	1.536121056	4.096838049	1.499421278	4.531368934	1.199029916	6.907411836	1.497085989
156	4.884461723	1.984546396	1	1	7.85081428	1.545149686	4.104989374	1.48982535	4.537739609	1.20374637	6.914111905	1.492189705
157	4.880755101	1.978458372	1	1	7.83014986	1.535458789	4.114255682	1.48509908	4.536269978	1.197924861	6.895190375	1.521670238
158	4.880350738	1.971857925	1	1	7.850384683	1.541980494	4.119613076	1.482127936	4.570369219	1.232206448	6.905375598	1.607239403
159	4.879242971	1.965132147	1	1	7.820274326	1.514842663	4.295990309	1.478907601	4.602665182	1.235943336	6.727503388	1.638462298
160	4.872826071	1.958251989	1	1	7.817703354	1.504907935	4.24777766	1.479860181	4.602356887	1.233589912	6.713530337	1.62974442
161	4.868160056	1.951279307	1	1	7.788264677	1.500573994	4.242459649	1.473550119	4.607476447	1.226836564	6.716398942	1.636474511
162	4.866358144	1.944926809	1	1	7.740661816	1.563356005	4.217590014	1.499737565	4.688408387	1.229599447	6.676020789	1.630114575
163	4.865458221	1.938288197	1	1	7.748934707	1.632369021	4.232427041	1.409751693	4.689698041	1.266165243	6.645442443	1.527017743
164	4.864571249	1.904347049	1	1	7.396934094	1.67291292	4.225450337	1.510516961	4.703798253	1.275332443	6.645728793	1.509474881
165	4.864756166	1.888641541	1	1	7.368605504	1.66907102	4.239832132	1.50886075	4.711337039	1.264171455	6.647576419	1.499780678
166	4.852624626	1.882392987	1	1	7.372957479	1.662941712	4.245322788	1.507125637	4.684438882	1.281868333	6.620166863	1.496252556
167	4.848310312	1.880705963	1	1	7.419184213	1.679314881	4.24583321	1.498954535	4.677897312	1.264962327	6.585953583	1.522492248
168	4.835043086	1.867333085	1	1	7.398319877	1.676182488	4.283582416	1.510684439	4.665124175	1.253974309	6.568251565	1.515318128
169	4.83813715	1.859875643	1	1	7.423898789	1.682911064	4.284321449	1.503406444	4.67561455	1.386980903	6.44077805	1.526576261
170	4.826619099	1.854433627	1	1	7.432012185	1.679684372	4.310707131	1.493432927	4.685319936	1.277757863	6.43920527	1.514894298
171	4.826068898	1.84866552	1	1	7.457549632	1.676085218	4.309417963	1.486649239	4.664753161	1.285100821	6.439632788	1.508703817
172	4.823376392	1.842259591	1	1	7.440006684	1.671528795	4.343342761	1.476923623	4.678890032	1.291285444	6.428685495	1.500917985
173	4.82068336	1.837336591	1	1	7.421355948	1.655210569	4.364401876	1.470815407	4.685247225	1.382316603	6.425296925	1.487954549
174	4.816616817	1.832041181	1	1	7.41395301	1.650723505	4.333646158	1.489942992	4.701527669	1.283713087	6.432416141	1.501215223
175	4.822767635	1.827768219	1	1	7.405547172	1.64659506	4.383082551	1.497862811	4.724885599	1.259828509	6.374273225	1.518982488
176	4.817808173	1.823217514	1	1	7.391619766	1.632717488	4.432532057	1.500504995	4.762646784	1.380738037	6.365040905	1.512671879
177	4.817741413	1.817939523	1	1	7.379482756	1.641722707	4.443256329	1.491923855	4.770319627	1.372586083	6.406455176	1.512419806
178	4.820999271	1.81337574	1	1	7.450116151	1.826097795	4.407908434	1.491565828	4.791333104	1.374964847	6.39646453	1.521120973
179	4.821456771	1.8100523	1	1	7.446552546	1.77384982	4.359166074	1.502404593	4.796397121	1.386109831	6.444771931	1.529198162
180	4.807115589	1.806476429	1	1	7.430543587	1.75399272	4.359280517	1.494821139	4.813725859	1.386710617	6.39325468	1.606493742
181	4.804691201	1.79953366	1	1	7.425112049	1.750310072	4.366032916	1.490631574	4.814377912	1.388997398	6.39126339	1.598073862
182	4.869100599	1.825045117	1	1	7.426066518	1.809669329	4.360804418	1.485003534	4.789298606	1.404303137	6.402145633	1.592018214
183	4.869268399	1.819671385	1	1	7.425109165	1.813936156	4.375905806	1.479450364	4.786177643	1.397004967	6.401780501	1.58290949
184	4.859967298	1.811001116	1	1	7.409518637	1.807911629	4.37708682	1.472514471	4.744028002	1.399741645	6.374932372	1.585033294
185	4.858392671	1.80443848	1	1	7.396236373	1.812504444	4.378199906	1.469582045	4.874134886	1.415404225	6.389052824	1.576912934
186	4.869278177	1.790772737	1	1	7.396410877	1.805312607	4.388381333	1.372711276	4.812719178	1.436341292	6.392536318	1.579497251
187	4.868630936	1.79057074	1	1	7.403220701	1.835892839	4.421620244	1.37754376	4.802678045	1.427269116	6.41085678	1.591088384
188	4.861874034	1.787207293	1	1	7.401329797	1.83064444	4.422411833	1.370884337	4.850603862	1.425949992	6.417870339	1.583950081
189	4.856309706	1.782892768	1	1	7.450279741	1.830370095	4.42141435	1.365073517	5.001034194	1.448625843	6.420079999	1.576919046
190	4.855754238	1.777512219	1	1	7.454369874	1.828926286	4.427746455	1.376945818	4.650241158	1.452585263	6.409197409	1.60148027
191	4.851278379	1.772329951	1	1	7.44736014	1.835477432	4.424808956	1.37312732	4.680651173	1.445368864	6.226675605	1.580972917
192	4.851218677	1.765955774	1	1	7.432994414	1.83268779	4.462164043	1.386534081	4.680507688	1.438080426	6.228577534	1.679145976
193	4.849115105	1.763881127	1	1	7.431683623	1.834387991	4.477867717	1.379404659	4.664180578	1.431767393	6.216242331	1.684409525
194	4.830001701	1.911649064	1	1	7.433416146	1.827914422	4.449375229	1.378363072	4.665897305	1.439786575	6.283828317	1.680537309
195	4.833651519	1.907949662	1	1	7.481394707	1.883733998	4.445920969	1.371324342	4.663794582	1.435817536	6.295510895	1.752749445
196	4.829729972	1.904686577	1	1	7.482304676	1.875495425	4.437730235	1.371076263	4.666297167	1.469935397	6.351179859	1.682507372
197	4.830110349	1.899257041	1	1	7.48064911	1.871012232	4.445913496	1.383246696	4.744256625	1.494926476	6.365696748	1.683861703
198	5.40940362	2.203369273	1	1	7.479677256	1.861839601	4.46414483	1.388439698	4.798072004	1.496927472	6.37575163	1.735552168
199	5.410929276	2.197615852	1	1	7.481581625	1.856488608	4.51376664	1.390498732	4.738591008	1.498849178	6.485450295	1.753713594
200	5.410457942	2.191981794	1	1	7.510212339	1.82221224	4.515949606	1.384296189	4.75479424	1.488809202	6.492481661	1.743987414