Ntrain	Standard2	Symmetricmatern2	Matern2	Standard5	Symmetricmatern5	Matern5	Standard10	Symmetricmatern10	Matern10	Standard15	Symmetricmatern15	Matern15	Standard20	Symmetricmatern20	Matern20	Standard25	Symmetricmatern25	Matern25
1	9.640420791	16.2790223	9.611614065	14.09181791	18.86203434	15.25274223	9.371916505	18.36992233	14.91069792	11.21781477	22.88792975	21.43415087	13.92094006	21.26020348	18.26027822	16.67820907	18.85395585	33.3628527
2	15.40748698	9.953299129	12.13101815	8.777109304	11.53358409	12.45887315	11.46728439	14.44831099	14.27209962	12.83879067	16.04675798	16.13117195	13.65321924	16.09028602	16.24450576	11.91542315	17.97658233	18.05327206
3	14.26999496	8.836862445	15.04343068	9.553899975	11.41947995	15.26102302	10.24635369	13.56282641	16.28256924	13.41061864	15.6325638	18.22307484	11.76612523	16.23549338	18.57910331	11.33897061	17.17262154	19.0833362
4	13.57863329	8.856535455	16.19091509	9.326119231	11.4400379	13.52831043	10.47499663	12.92188713	15.73436573	11.80799718	15.11345092	19.17961292	11.66853734	15.92450861	17.57830332	11.72445674	16.20192865	19.60361118
5	7.864877635	9.556426385	13.59323926	9.077166102	10.74541977	12.33683268	9.41690168	12.71051874	14.79590711	10.63798824	14.81560294	18.38789637	11.45035051	15.56577684	16.59970673	11.96091051	15.73495016	18.65193539
6	5.817701906	8.33523107	11.80579572	9.209476839	10.35955044	11.6029594	9.47368191	11.55546576	14.71350334	10.43048997	14.93098961	17.9378913	11.28530692	15.12039465	16.39770342	11.01453426	15.63942762	18.66333702
7	5.630300266	8.134321367	10.55910831	9.519207367	9.779009428	11.11285928	8.817743818	11.15593249	13.28795166	10.45306298	14.06544147	17.1505893	10.90020155	14.74787671	16.17158342	11.19023126	15.20790207	18.94961516
8	5.024114066	6.521752673	9.45230265	8.453643015	9.185719121	10.29281874	9.057124064	11.07424156	13.22796246	9.924773516	13.7551528	16.43969595	10.89259718	14.35705651	16.12450615	10.37158224	14.66316426	17.88544997
9	4.7447975	6.374690575	8.855626484	7.39000814	8.784173718	10.20561706	8.604025366	10.37927447	12.50543263	9.318160871	12.73663412	15.14481459	10.64772979	13.88892185	15.5414725	9.469192945	14.08506274	18.57382247
10	4.619332764	5.652827162	8.38223824	7.367564745	8.38405957	10.23148883	8.531569447	10.38550519	12.41180504	9.469924756	12.21004629	15.46204546	9.907367256	13.79181693	15.04720699	9.370339011	14.25764674	18.01206182
11	4.437981647	5.547348524	8.066190898	7.425077686	8.228149867	10.24639426	8.034118759	9.906608588	12.87982812	8.647338348	12.31475965	15.23063941	9.34212772	13.34885822	14.88646683	9.25984165	14.14070458	17.79917666
12	4.436764527	4.908429605	7.923267554	7.404848701	8.221981907	10.40374359	7.613916597	9.663873309	12.36946578	8.464059647	11.88551596	14.91211099	9.052065201	13.0569642	15.03001061	9.15870636	13.95790464	17.05242408
13	4.130622963	4.627624351	7.643436916	7.174539827	7.724242633	9.788360449	7.807740142	9.493896688	12.5855823	8.636287784	11.56995082	14.81444516	9.024183646	13.04141789	15.03596596	9.119132263	13.65803634	16.21393489
14	3.788713324	3.946547337	6.82833522	6.605080363	7.65742987	9.757034959	7.514816717	9.469361181	11.86420895	8.543414037	11.22293505	14.63222075	8.842314434	12.5490475	15.17126566	9.038803683	13.09651446	15.96342934
15	3.648035799	3.992102309	6.062481628	6.572507137	7.575375734	9.811401615	7.318485441	9.44463732	11.36421462	7.967147911	10.86485371	13.82644871	9.156656864	12.41423141	15.08960944	8.531676494	12.96410793	15.78921868
16	3.582843174	3.902767533	5.831065409	6.290040616	7.334035245	9.400584461	6.688274597	9.252767041	11.24032818	8.210919354	10.6457967	13.53512578	8.734907012	12.36962474	15.26242855	8.337859834	12.81342987	16.10955557
17	3.582673036	3.576294628	5.542579842	6.36572598	7.230265056	9.205970044	6.598539703	9.036641709	10.98340578	7.791675549	10.54320646	13.3682825	8.534987631	12.01983715	15.35675865	8.306115869	12.60965584	15.6536325
18	3.553294497	3.390770872	5.510180319	6.256680411	7.132299834	8.891377942	6.468605143	8.997667613	10.86886731	7.254485395	10.57891515	13.06299485	8.205286326	11.76380276	15.03926382	8.09905997	12.58272632	15.29913657
19	3.559098289	3.227757697	5.478961012	6.061746669	6.985580857	8.580366615	6.335467215	8.669783368	10.57797132	7.155859067	10.53853848	12.47236085	8.076633711	11.63950449	14.54688072	7.890164081	12.19885114	15.1235214
20	3.568100481	3.246397789	5.395996974	5.415905855	6.74370353	8.29616145	6.317247918	8.476419495	10.48283973	6.95689164	10.38299122	12.11493388	7.938860442	11.30017632	14.364947	7.801985515	12.09291601	14.73012263
21	3.563183246	3.143165411	5.360333569	5.478068194	6.686394728	8.092640889	6.21871711	8.310922069	10.45614293	6.849145743	10.10159834	12.35622762	7.567184015	11.09003412	14.1298255	7.808630648	11.97427475	14.66616468
22	3.683445495	3.166310113	5.275827278	5.406222713	6.742199972	7.997871037	6.135715455	8.337841129	10.37259528	6.77388591	10.0107966	11.91963674	7.540050533	11.02503327	14.03040186	7.760051957	11.70320597	14.18833153
23	3.780855492	3.139281963	5.024006495	5.472017821	6.662250355	7.624125528	6.099290848	8.321347607	10.38445976	6.616575517	9.900711882	11.56886852	7.564389415	10.79167006	14.08236317	7.523340319	11.64640091	14.00887715
24	3.423958936	3.072343905	5.026430424	5.224040135	6.555170762	7.512832135	6.044136326	8.296857852	10.15765272	6.429397342	9.648047798	11.56564855	7.642924268	10.86347858	13.58615112	7.3566272	11.43940644	13.95968806
25	3.456237125	2.890369154	4.869683362	5.153554586	6.607574929	7.440978886	6.057988121	8.108289076	10.12313392	6.287386843	9.520010485	11.24299688	7.480121654	10.75166842	13.02894837	7.18536766	11.29877593	13.77234239
26	3.587316432	2.801480732	4.864307658	5.258283532	6.76370066	7.378305544	6.084690489	8.138459877	10.02779911	6.368075821	9.563804168	10.95242992	7.39490729	10.46338952	12.87602292	6.972682619	11.10489494	13.636274
27	3.592491268	2.74401175	4.801139152	5.253867799	6.618062459	7.193274621	5.904509605	7.987795837	9.74836362	6.308632027	9.457314318	10.79224074	7.391599863	10.48637578	12.64183747	6.93936428	10.82070186	13.59920951
28	3.589005408	2.53692461	4.783399592	5.156014302	6.434588549	6.988518786	5.891010339	8.044953528	9.430447567	6.301308984	9.388871578	11.00725319	7.282204813	10.30478238	12.31655392	6.807631632	10.8448457	13.28529853
29	3.59898235	2.506297288	4.705863255	5.042795044	6.414799367	6.959042656	6.033070818	7.711571039	9.347976331	6.338116718	9.229798211	10.24442204	7.411827545	10.05174739	12.39056951	6.897700301	10.46688287	13.13298525
30	3.599375167	2.504285095	4.489637458	5.034193631	6.49645069	6.947881867	5.719823457	7.32805059	9.209830657	6.244534237	9.015758043	10.19036398	7.455991895	10.00012806	12.37563364	6.873192262	10.31155142	13.02521435
31	3.609225191	2.500446404	4.259239359	5.003196737	6.553901847	6.821211627	5.728523254	7.168775993	9.209473321	6.358981598	9.028666863	10.25131727	7.432248995	9.888893584	12.31478584	6.93949259	10.36379067	12.79599276
32	3.594199757	2.478297865	4.023323285	5.049178272	6.392870318	6.80470993	5.350664404	7.182860941	9.021392525	6.279062533	8.911741418	10.19763186	7.390690341	9.739937572	12.30732203	6.913608801	10.2397727	12.65240279
33	3.592685076	2.316097898	3.933664765	4.922020998	6.152039859	6.699095617	5.393395725	6.966417268	8.936881484	5.84943485	8.678733864	10.1644019	7.294996418	9.54103961	11.92207311	7.0023117	9.988529207	12.56478617
34	3.592274436	2.235555372	3.897837163	4.944717083	5.919968875	6.681554083	5.184970158	6.784537565	8.857089952	5.789374452	8.678868967	10.02334725	6.951538329	9.257007179	11.70915681	7.042944547	9.839676881	12.49634802
35	3.528341084	2.186011304	3.67973598	5.037973734	5.660297316	6.654055072	5.178463756	6.54604414	8.77331349	5.732755289	8.265163589	9.972416922	6.917784643	9.285710628	11.51585413	7.051642408	9.682644712	12.3265876
36	3.547777119	2.154784912	3.522797937	5.138453371	5.611486488	6.710645372	5.169411456	6.41389845	8.632554037	5.559253322	8.293946634	9.8017002	6.905826182	9.052357604	11.24008271	6.859331797	9.466560113	12.17080791
37	3.546548853	2.142785231	3.284762662	5.133382362	5.604816374	6.504911744	5.168923131	6.323729954	8.703117284	5.532592265	8.219326633	9.759820292	6.841253841	9.089358885	11.18738699	6.956460101	9.296725036	12.07109917
38	3.550309633	2.147122283	3.185416551	5.101940649	5.568515169	6.617024781	4.948023007	6.300588791	8.346640205	5.549130537	8.127686751	9.467771328	6.836098518	9.03349625	11.12229027	6.879709741	9.022359019	11.75712574
39	3.599451043	2.139538273	3.140048436	5.136180061	5.499054274	6.549709393	4.877890198	6.092224891	8.473786315	5.530061383	8.132362231	9.56262025	6.799776294	8.929079082	11.00947453	6.839169074	8.880664231	11.6710024
40	3.580027854	2.121501198	3.048138356	5.155565513	5.497467944	6.490976909	4.910708071	6.038534842	8.551755676	5.651416978	7.998332762	9.485561907	6.877202146	8.757983695	10.77003782	6.71961275	8.829515777	11.52877415
41	3.660694468	2.118903317	2.953296464	5.027937022	5.529748703	6.35752771	4.777295304	5.89059492	8.380848699	5.701661017	7.691427257	9.348065612	6.86281014	8.776119695	10.51771254	6.681373104	8.595468076	11.49055929
42	3.537875773	2.128336976	2.77619926	5.047517464	5.554292414	6.4134003	4.761889999	5.891909758	8.423628442	5.560695549	7.614321187	9.322747853	6.88186213	8.741905482	10.33781132	6.520643155	8.422270902	11.37977664
43	3.633335866	2.111314067	2.729996447	5.078114746	5.535020144	6.189671592	4.752298938	5.862255721	8.363369713	5.62512218	7.513310656	9.374476968	6.935321144	8.736659054	10.41009484	6.395691189	8.086327523	11.2845778
44	3.604767796	2.149923574	2.64455537	5.052802147	5.40300565	5.995529554	4.565338759	5.74299006	8.182044046	5.561233705	7.445796441	9.216422684	6.899131824	8.673762527	9.909482327	6.343918916	8.175355997	11.22173213
45	3.640057151	2.149671466	2.558495277	5.058588975	5.340251048	5.951164073	4.565383177	5.736365908	8.052878424	5.530404732	7.371292274	9.130349255	6.605862394	8.586055199	9.926221653	6.307419874	8.090769861	10.85527968
46	3.703378206	2.133719155	2.587554239	4.999917155	5.218046366	5.807042603	4.561763523	5.604463477	7.924541732	5.559930339	7.293334062	9.094150025	6.510836082	8.592781579	9.905379215	6.345901882	7.961648663	10.73702213
47	3.742048156	2.133764457	2.551928009	5.000259022	5.260893253	5.745073386	4.586484039	5.614489292	7.853072794	5.477817002	7.283753736	9.004288481	6.454484272	8.567962633	9.68536348	6.458213176	7.840831336	10.60873718
48	3.731729185	2.125883325	2.538755843	4.931931526	5.178975223	5.716189095	4.653482413	5.611837964	7.863083173	5.51222815	7.203247036	9.040033518	6.50486293	8.319601695	9.593297614	6.366158137	7.570743449	10.29494036
49	3.74588757	2.123901113	2.595294102	4.857975027	5.134931475	5.577382909	4.699841406	5.456943277	7.576169366	5.398830277	7.031878549	8.834620091	6.4868536	8.312344892	9.460766586	6.287876714	7.647244634	10.10237093
50	3.637353898	2.123435472	2.605704499	4.923346171	5.132852017	5.542879138	4.7830993	5.31406154	7.411149695	5.389286942	6.837544808	8.807680909	6.522373525	8.123169028	9.219737637	6.394580146	7.509046337	10.06245796
51	3.639458509	2.104987487	2.558809553	4.939673383	5.144504196	5.462457225	4.893014686	5.265682078	7.283068754	5.426410283	6.762215868	8.781940659	6.517437469	8.057124528	8.97373767	6.341756724	7.557404192	10.00873568
52	3.633062047	2.10745002	2.531259983	4.894936365	5.024805852	5.463009095	4.908890115	5.21070495	7.282948901	5.477093055	6.688086259	8.690209298	6.469231924	7.876761695	8.909592248	6.408738969	7.476638113	9.785971784
53	3.627103346	2.11714203	2.474658472	4.848206377	5.010650427	5.344561348	4.753602565	5.14913723	7.249810098	5.450660383	6.65549863	8.502379965	6.352188091	7.792068374	8.836357288	6.377766278	7.402867297	9.542127515
54	3.656845685	2.108861174	2.383066998	4.901390503	5.074858875	5.208032999	4.791974588	5.124505011	7.198843333	5.364072524	6.520186068	8.449170545	6.162383072	7.673821342	8.76257518	6.289428725	7.290254688	9.314026242
55	3.562974456	2.107634296	2.358158452	4.877478182	5.019416656	5.064676842	4.734459088	5.047299139	7.155518311	5.50017579	6.399448428	8.31049355	6.134267498	7.525846929	8.517231336	6.225589721	7.037192731	9.205494264
56	3.593940167	2.118673818	2.17485976	4.770273514	5.058244905	5.0705652	4.817915884	5.03074273	7.121482105	5.444690058	6.376476089	8.181793086	6.121362963	7.439160684	8.445404042	6.22846941	6.888289184	9.260366051
57	3.5566448	2.11938539	2.003132277	4.774905623	5.034565883	5.095184256	4.894236792	5.082218436	6.995544546	5.462468591	6.288880275	8.210462909	6.161374934	7.308866997	8.358718152	6.158272123	6.727746701	9.144001509
58	3.553672831	2.154089899	1.930809299	4.662426413	5.052190263	5.126757491	4.812575718	5.009775004	7.049275025	5.489038759	6.298681659	8.154786431	6.076808886	6.939743872	8.335394851	6.171560514	6.465600773	9.090275003
59	3.550828181	2.155780785	1.85546191	4.638562424	5.036386046	5.089118268	4.808446751	4.988372703	7.007256352	5.509470798	6.283573566	7.700742872	6.069889187	6.869715195	8.207628717	6.078390512	6.21360629	8.902774704
60	3.536853858	2.166600887	1.823420624	4.6160914	4.975290538	5.088878699	4.789649614	4.874794445	6.958967412	5.451854586	6.227421855	7.581573007	6.160893584	6.705735276	8.136032739	6.007862674	6.174315179	8.84675125
61	3.528937549	2.163576053	1.788258771	4.693996098	4.949658873	5.079096771	4.682542495	4.786397468	6.908737178	5.441986357	6.101628335	7.442711156	6.115005791	6.649722095	8.104522318	5.904058934	6.04770431	8.778110712
62	3.495181154	2.186094318	1.761317054	4.832026046	4.836398872	5.075563569	4.605375664	4.756984056	6.873414962	5.432207019	6.043882965	7.265128	6.099821486	6.547891506	8.130232751	5.895628295	6.035896005	8.707645379
63	3.494481804	2.189700066	1.720472969	4.879958854	4.804039718	5.076451749	4.595280731	4.782709632	6.792650284	5.352398327	6.01003561	7.167743396	6.032672694	6.45136316	8.169964949	6.027049237	6.011240379	8.724136399
64	3.524915387	2.189620336	1.77063724	4.561019367	4.853380249	5.048736473	4.606933358	4.756786187	6.612118846	5.435886929	5.866806686	7.065824753	6.01029486	6.451246025	8.11267443	6.057322301	6.013530168	8.590244067
65	3.492957627	2.197476889	1.811598704	4.517634724	4.805987348	5.028054016	4.607432393	4.699204823	6.604104544	5.409788807	5.931495916	6.944222746	6.058192237	6.424089719	8.172759836	5.94314991	6.031307785	8.504849669
66	3.483948069	2.198657605	1.75994968	4.458244879	4.787953453	5.014263251	4.607957904	4.600577743	6.524514901	5.412610892	5.899726923	6.998454501	6.028608232	6.432269985	8.157401021	6.097422641	5.940488354	8.26050512
67	3.344051803	2.20676049	1.683054535	4.449288389	4.747132928	4.940041621	4.614922082	4.578028434	6.462100619	5.37477003	5.76115981	6.957586008	5.952950263	6.310834689	8.131160679	6.11134913	5.910853107	8.226001248
68	3.318625314	2.222266112	1.622695949	4.458352193	4.75776312	4.976961582	4.630470071	4.607201794	6.348128022	5.360260872	5.637940832	6.847406198	6.037781658	6.144196198	7.976217642	6.001100464	5.886226837	8.133857944
69	3.320843274	2.223060053	1.520403787	4.469458463	4.70511726	4.970638329	4.670366863	4.507381385	6.237443198	5.461606108	5.55373198	6.808789514	6.005015995	6.076080956	7.899620727	5.926478811	5.872642198	7.935842093
70	3.334182431	2.230006426	1.469464954	4.520086287	4.733570148	4.86469526	4.701622004	4.403758018	6.168977305	5.466557789	5.475274051	6.729819172	6.019687684	6.111497867	7.864623173	5.974917821	5.906633504	7.85287915
71	3.304259172	2.235516745	1.412285205	4.520723937	4.732734146	4.803233048	4.653535094	4.409973062	6.047487254	5.435538406	5.518082294	6.653232231	5.953763366	6.005267114	7.870555814	5.916992234	5.775833507	7.704643087
72	3.301065989	2.223412563	1.398476543	4.470805318	4.77158463	4.755727535	4.656212755	4.407998707	5.897406122	5.391979944	5.520384853	6.554143127	5.825162308	5.912348169	7.851342243	6.192916879	5.73702531	7.614091997
73	3.241637106	2.21959319	1.400099718	4.44248545	4.77841595	4.729358114	4.642552677	4.344687729	5.851681669	5.466276692	5.528291655	6.591093875	5.818118382	5.903118952	7.779943578	6.127437605	5.768838659	7.470959422
74	3.242934653	2.218044054	1.387017415	4.483021589	4.710502505	4.641326687	4.639948045	4.233590757	5.77230109	5.51545374	5.528332971	6.618812631	5.832885691	5.905847286	7.775074101	6.096712213	5.761523488	7.50989265
75	3.279823961	2.222090253	1.392872539	4.479559975	4.684753529	4.580626966	4.617125587	4.116877452	5.663553118	5.516576697	5.534214918	6.606500708	5.780720023	5.889886346	7.560941881	6.307939567	5.752645767	7.52061932
76	3.279712401	2.212779375	1.370962615	4.444404952	4.674562707	4.584200447	4.566299097	4.104459466	5.692379536	5.531434861	5.569268863	6.566187537	5.763538405	5.868961381	7.548909369	6.196549613	5.800604439	7.494894687
77	3.290924165	2.178634437	1.361027036	4.431772739	4.634246387	4.638372946	4.710114783	4.112591542	5.638807322	5.422309876	5.545137412	6.55438834	5.762025984	5.799071352	7.516660362	5.979589769	5.758913446	7.350758121
78	3.303801767	2.237460068	1.346461541	4.422877233	4.623691281	4.581498313	4.666312626	4.106004739	5.645825646	5.478815757	5.576811926	6.597112547	5.759203187	5.798383979	7.479746498	6.207714573	5.72988683	7.278827102
79	3.309028073	2.249946403	1.330595839	4.437711545	4.618649881	4.537789175	4.695124204	4.09040195	5.632940486	5.519066027	5.616682551	6.570071263	5.763564727	5.755380983	7.465203813	6.148399662	5.683442636	7.314175447
80	3.313116107	2.250695312	1.310014705	4.542913749	4.61818476	4.490087952	4.701717955	4.076948746	5.46036931	5.460967246	5.570202401	6.49225835	5.600129801	5.615928758	7.389130589	6.125675786	5.737594451	7.212573696
81	3.237520317	2.248011598	1.30921814	4.515740409	4.592468989	4.433056958	4.68511029	4.080840643	5.449409169	5.500203229	5.528905738	6.453840634	5.584933758	5.549654864	7.364534503	6.09431686	5.738023882	7.18735437
82	3.24202705	2.24464941	1.305357942	4.473797164	4.584493936	4.386844018	4.598851201	4.073279481	5.513690117	5.44135065	5.563598744	6.5131965	5.646066384	5.489604713	7.227289006	6.181294615	5.669181439	7.083637667
83	3.241144864	2.250489765	1.278511722	4.46276032	4.565528479	4.361512449	4.703620015	4.052694323	5.483535703	5.390794547	5.563674518	6.51065396	5.690908371	5.510216296	7.062854401	6.382634787	5.750204034	7.016125781
84	3.257847184	2.249558745	1.278445792	4.46018186	4.524327997	4.347597066	4.70302897	3.993928864	5.49380449	5.481123372	5.517612794	6.481554921	5.796398731	5.470382975	7.055881577	6.294324365	5.7194534	6.967990904
85	3.297420296	2.250243927	1.279789555	4.451959793	4.502764192	4.301274888	4.527652107	3.984556097	5.405465909	5.504289302	5.423111357	6.483369519	5.719470252	5.405284401	6.944032406	6.267678164	5.603832981	6.937469214
86	3.309590077	2.265934142	1.274744094	4.420742943	4.508937549	4.276540905	4.486219528	3.974268922	5.297745478	5.530282672	5.514629987	6.461787732	5.661169464	5.35724735	7.053460574	6.24987681	5.559514993	6.907539341
87	3.320506686	2.267178553	1.268482691	4.408584592	4.510414324	4.270599253	4.559384181	4.027602674	5.241262251	5.606664376	5.472117211	6.437461764	5.651626805	5.363206438	6.931414697	6.115857372	5.609388094	6.902757969
88	3.325680103	2.264834176	1.252389538	4.40456321	4.48587308	4.262120806	4.702256044	4.01650513	5.243476023	5.605682944	5.468572411	6.393145919	5.634354485	5.371466957	6.942199992	6.14821163	5.506541696	6.858192435
89	3.328476486	2.251802837	1.245781254	4.412203505	4.488312585	4.221507886	4.645679649	3.981045728	5.250979945	5.646097579	5.413852965	6.427143692	5.604084405	5.311775238	6.860364149	6.110602523	5.501705181	6.787220235
90	3.351938713	2.251728424	1.243724576	4.406231068	4.49693015	4.180941823	4.884922177	3.986671822	5.266980646	5.625631636	5.379418854	6.430966272	5.666446671	5.292511271	6.858231147	6.109703626	5.447842435	6.679954594
91	3.349713485	2.258594737	1.231508337	4.392038059	4.488995129	4.147388078	4.850801761	3.980761586	5.221653931	5.844936166	5.489222454	6.450827008	5.711986572	5.277453902	6.843452301	6.102729124	5.424928588	6.704058667
92	3.387976389	2.243403477	1.225655149	4.372601817	4.455740552	4.123344399	4.891991451	3.916742568	5.227922247	5.897830145	5.470756999	6.478506505	5.71372546	5.285200889	6.893092636	6.170525219	5.429086827	6.687865787
93	3.390826656	2.216016718	1.209743291	4.366701923	4.44986759	4.109426465	4.874640578	3.947973062	5.176932876	5.932904906	5.367373622	6.484097441	5.789770985	5.224298245	6.91290821	6.165692193	5.454864938	6.652061264
94	3.378979584	2.243011713	1.193767369	4.336775551	4.460733639	4.081836126	5.110648608	3.90640963	5.151190224	6.115290619	5.409768511	6.331906677	5.769037042	5.181948085	6.871237163	6.123408481	5.511755714	6.656833264
95	3.380070471	2.244203172	1.176032342	4.311646343	4.445942906	4.041415183	5.127145928	3.91308303	5.091165063	6.007677376	5.392852207	6.242397922	5.73187703	5.202208544	6.816376758	6.046592599	5.580329973	6.621364876
96	3.384709252	2.218725999	1.156038303	4.296174942	4.462961969	4.057979913	5.139422787	3.905667161	5.004246231	6.062653735	5.326343675	6.267417226	5.669187177	5.204397412	6.790987895	6.132934031	5.578994286	6.555912905
97	3.433249723	2.218322501	1.151444384	4.282742608	4.439571153	4.079721868	5.081147665	3.892096025	4.991084085	6.046867168	5.327133515	6.257156852	5.634969469	5.231090955	6.740899962	6.125432584	5.679777999	6.496771401
98	3.431240555	2.212607077	1.146802656	4.26196109	4.450401149	4.039692237	5.115237289	3.897768964	4.983102615	6.102525574	5.325636681	6.080044408	5.681024473	5.166557888	6.6909542	6.147469777	5.606952401	6.4646544
99	3.416668864	2.20953097	1.144598042	4.195747033	4.411807283	3.973523116	5.128687713	3.8622327	5.002658933	6.205969665	5.250655366	6.056171097	5.542706405	5.217157357	6.663580049	6.149388209	5.562120181	6.46789478
100	3.409946274	2.210953892	1.139863204	4.310956933	4.373196742	3.979969785	5.107060524	3.904462735	4.988239111	6.062463391	5.231628683	6.03254473	5.716671811	5.184508851	6.667589007	6.113533263	5.548322823	6.454144873
101	3.415297997	2.212809849	1.139308827	4.386575767	4.322777151	3.937735024	5.093205883	3.886885432	4.978599322	5.989360522	5.216065746	6.011062891	5.56830745	5.223654115	6.567214236	6.077423623	5.562675579	6.432029893
102	3.414772568	2.217292224	1.089067011	4.377463147	4.32451373	4.000561774	5.13789439	3.868025277	4.937398159	6.017737933	5.232569918	6.013128099	5.610773439	5.233665409	6.533510724	6.110838732	5.549107517	6.396215959
103	3.417098839	2.218426817	1.071079974	4.344749991	4.274414741	3.914273295	5.299786594	3.851706	4.936931467	6.032512265	5.216201377	6.041716362	5.654108145	5.217424066	6.518230435	6.13872113	5.530724256	6.344546884
104	3.418026423	2.218136637	1.063526181	4.33767592	4.246295582	3.921692761	5.241124042	3.840707866	4.941914003	5.978895562	5.250345222	6.032980852	5.64241503	5.160647643	6.506078474	6.040806868	5.498986841	6.276724532
105	3.374665986	2.243746374	1.054830275	4.325360105	4.214771485	3.915464104	5.258255369	3.729214756	4.929456584	5.917074266	5.259943133	6.025059263	5.623553444	5.178804385	6.605816221	5.983625021	5.475745239	6.237106919
106	3.368920989	2.241936779	1.05147977	4.357687003	4.183919765	3.926013461	5.180361824	3.711001547	4.9037281	6.024674592	5.258761496	5.933295281	5.648837557	5.263705684	6.585481036	5.989110994	5.554027738	6.127403236
107	3.369290735	2.232094569	1.09942422	4.319261325	4.183404453	3.952858978	5.206785103	3.7039114	4.868807268	6.071689197	5.1983916	5.954814262	5.673893412	5.236621384	6.612664743	5.86798291	5.50677102	6.14511393
108	3.291326939	2.231875235	1.056986559	4.36123359	4.169349013	3.91307135	5.297291165	3.734457	4.820069466	6.011887319	5.183537724	5.87299721	5.634925218	5.273709489	6.531429522	5.983177348	5.523985131	6.126143667
109	3.292299815	2.213558254	1.053532149	4.303047067	4.149466293	3.917498079	5.370433553	3.72016903	4.769964257	6.130174812	5.206110685	5.868579849	5.665963776	5.192237398	6.466887101	5.992692916	5.526373341	6.084443376
110	3.328400596	2.202620513	1.102002105	4.269444797	4.12634019	3.868493725	5.417647667	3.755047725	4.750083418	6.027518481	5.215897233	5.839539126	5.687520898	5.148724554	6.422039226	6.226539988	5.48974279	6.083153138
111	3.325775391	2.144484298	1.101271703	4.274641299	4.124761298	3.871326886	5.357691887	3.75714087	4.750732173	5.932359106	5.202658236	5.824994531	5.734536786	5.196782033	6.384019382	5.980904082	5.454572486	6.123585517
112	3.331912936	2.157374793	1.057882302	4.357514202	4.076216098	3.889191222	5.327760075	3.733147346	4.745067627	5.949266677	5.163649766	5.841869034	5.710708778	5.201181644	6.336230559	5.972618804	5.471186596	6.018954287
113	3.420179068	2.095406515	1.052848414	4.343341254	4.061640776	3.949468679	5.312968443	3.730706434	4.70550755	6.031115005	5.168084799	5.831287605	5.817837764	5.150062298	6.313267392	5.986859383	5.466529892	5.98591189
114	3.417236315	2.094081221	1.049443609	4.38727323	4.068674964	3.860514975	5.365720643	3.734862755	4.672259018	6.075251492	5.220025988	5.845732558	5.831769065	5.232832932	6.333906263	6.150248932	5.446122336	5.990395739
115	3.400425009	2.095322338	1.045146872	4.364716752	4.040196899	3.858929909	5.329476312	3.727057496	4.669722932	6.060476691	5.212179631	5.770758047	5.797968615	5.229681661	6.10171352	6.231286723	5.432538769	5.973597999
116	3.417479827	2.099679767	1.039157925	4.367752096	4.030456836	3.916011418	5.348565936	3.747442209	4.61264603	6.144536047	5.186353244	5.78708472	5.818719017	5.215815647	6.144324877	6.143538416	5.427155409	6.004462888
117	3.391429129	2.10463729	1.036012144	4.448088828	4.015173314	3.903177819	5.339413302	3.762857221	4.561708926	6.113204387	5.19129174	5.748688165	5.853308311	5.236000199	6.030806681	6.171891673	5.426922574	5.995760004
118	3.340147586	2.104639474	1.035179573	4.30323954	4.01441529	3.904296041	5.301931831	3.765208082	4.561183013	6.130440688	5.196274814	5.730930341	5.86552731	5.234124482	5.942131692	6.217286852	5.478018764	5.989484328
119	3.413531954	2.104186844	1.025888871	4.29381265	4.043882701	3.90111619	5.343612433	3.758539293	4.541591942	6.088630062	5.207586055	5.73121996	5.837492615	5.182939558	5.913098073	6.176079015	5.502057638	5.926430336
120	3.348240139	2.097044554	1.022129628	4.367951019	4.104194582	3.889245278	5.327692222	3.81823297	4.527663161	6.138223418	5.204723519	5.675965637	5.843326716	5.179356752	5.917553851	6.226811244	5.514891524	5.871835417
121	3.375691217	2.095980439	1.021555036	4.403044643	4.105215062	3.839160105	5.309558458	3.822305225	4.51148708	6.169855186	5.216252	5.671880303	5.848929873	5.201620511	5.91221622	6.168088797	5.552615828	5.81164806
122	3.375496847	2.092478834	1.019784295	4.401054848	4.089774976	3.825291863	5.27291397	3.82181536	4.528152918	6.260260002	5.170616722	5.668112353	5.867855816	5.146918049	5.877243984	6.264284373	5.581355659	5.896341153
123	3.284043476	2.093064616	1.016073017	4.38928596	4.065629995	3.825807826	5.330429993	3.825200679	4.477808005	6.220094909	5.146311505	5.704125703	5.802261224	5.18152333	5.77534407	6.034657358	5.57529317	5.741817771
124	3.221787936	2.093446432	1.013557841	4.386522557	3.95148973	3.806148409	5.333313857	3.765978951	4.41522598	6.242101975	5.154210067	5.671911592	5.810343168	5.153607947	5.701723224	6.236463199	5.557036049	5.765094607
125	3.149681958	2.071490509	1.014729604	4.426806154	4.004994852	3.786028165	5.217547772	3.743930338	4.395591031	6.163463207	5.200257607	5.688067235	5.823673475	5.105598098	5.683527633	5.971888065	5.524386517	5.705534536
126	3.150767085	2.070183114	1.014193488	4.324551819	3.983486703	3.711876849	5.231144832	3.767897855	4.387385873	6.321573501	5.193763247	5.682355294	5.964053359	5.081497488	5.691681757	5.951530029	5.484727164	5.762813756
127	3.196176179	2.07057796	1.013678032	4.364994022	3.968526691	3.699962169	5.179709816	3.759356773	4.361440243	6.327700849	5.166716209	5.720350858	5.987837231	5.058815576	5.727960369	6.089544494	5.370530201	5.72682396
128	3.189126754	2.070818742	1.008896667	4.399729645	3.9495589	3.698192465	5.174566765	3.74731779	4.358711213	6.43178193	5.165016823	5.70328115	5.93564612	5.080853472	5.666149628	5.989876657	5.404231877	5.723344421
129	3.210194216	2.030648265	1.007460542	4.396060022	3.940207824	3.696786796	5.17423207	3.732270408	4.358041175	6.521142381	5.129881752	5.661656588	5.930577353	5.09127764	5.660974829	5.972157045	5.389125795	5.710868697
130	3.251470312	2.029876421	1.005698476	4.324406829	3.933994521	3.66010715	5.232942976	3.731246296	4.344479785	6.810409541	5.100338874	5.662613545	5.884464354	5.076858612	5.606876062	6.114626102	5.378079499	5.669709364
131	3.223002844	2.025727222	1.006756614	4.378833246	3.916242615	3.662117265	5.155285715	3.753244074	4.333793738	6.632060581	5.100091562	5.633108756	5.973328638	5.075127706	5.61475202	6.115430432	5.363561709	5.623947884
132	3.207405991	2.02527702	0.993388367	4.333887877	3.916812583	3.657458123	5.057151676	3.765030193	4.3201047	6.488575922	5.115354942	5.554409326	5.90495393	5.031948877	5.613099196	6.183935667	5.359953661	5.607618962
133	3.207005646	2.023047718	0.98919359	4.332632249	3.918750479	3.655325866	5.046508389	3.740402996	4.288275935	6.617132806	5.283920705	5.558905889	5.911560166	5.110181865	5.579884714	6.174883601	5.376299875	5.609884636
134	3.213092734	2.026666199	0.984506791	4.417799513	3.972398472	3.584106071	5.120007306	3.745243739	4.267095031	6.597467203	5.287109877	5.549793579	5.911500841	5.114337565	5.570125849	6.260066533	5.374967255	5.613757724
135	3.217804705	2.023826596	0.982071159	4.517196372	3.972827744	3.536626216	5.138934025	3.746660312	4.248042799	6.582888186	5.272087111	5.528798564	6.16225708	5.162287779	5.587274166	6.19907905	5.384306882	5.60975977
136	3.217214351	2.023030674	0.976202757	4.521394689	3.977135395	3.529869593	5.084706037	3.816322334	4.239486058	6.596087705	5.319397018	5.490989317	6.041088095	5.144332077	5.588680168	6.606093502	5.379867561	5.671507563
137	3.224058027	2.023077759	0.978327617	4.463329937	3.966851326	3.47072014	5.095058351	3.771496191	4.178889051	6.571344656	5.321682822	5.441361852	6.186372125	5.121480157	5.549462159	6.655079648	5.389480678	5.675192962
138	3.208429317	2.02881778	0.975139708	4.520850666	3.965903409	3.472413991	5.118084908	3.777496793	4.183686053	6.63843654	5.298517988	5.456023311	6.127373407	5.1218148	5.559582098	6.584725076	5.408390478	5.67251004
139	3.297368394	2.032862631	0.973924238	4.55129217	3.982508511	3.451751455	5.115714467	3.785042172	4.234301678	6.668114264	5.30148785	5.356904556	6.273022849	5.11794089	5.519467497	6.582469905	5.412359236	5.694694973
140	3.307390817	2.031499941	0.972294214	4.525698079	3.983126359	3.4208567	5.135889097	3.782572063	4.228312603	6.574821677	5.326539985	5.355726666	6.236087255	5.098043568	5.474308784	6.696129195	5.427489092	5.690935734
141	3.310338815	2.033031239	0.971627151	4.576686687	3.978408609	3.400683981	5.13588979	3.772002908	4.194331045	6.590865389	5.395386146	5.338860069	6.327712742	5.082009674	5.474750853	6.687724769	5.425298787	5.704276537
142	3.348821145	2.032895208	0.967605443	4.445737533	3.972425304	3.405181096	5.141170502	3.753252186	4.156855298	6.532097317	5.380350559	5.361669247	6.336219008	5.075532712	5.452659245	6.76345869	5.416380294	5.640675456
143	3.311165515	2.007633246	0.966354559	4.495251983	3.927061112	3.396740435	5.16532011	3.735157481	4.183762232	6.491505049	5.39312755	5.378308478	6.347087999	5.105968664	5.334165269	6.563906082	5.618753976	5.643255213
144	3.316409571	2.00750446	0.964940914	4.54935981	3.948206733	3.387739588	5.201330005	3.696357494	4.17767397	6.518144891	5.408138604	5.336040768	6.26560669	5.019143184	5.35299292	6.537002897	5.608406967	5.612203394
145	3.297586482	2.016983673	0.962405587	4.510824151	3.909373653	3.386810659	5.225798447	3.724392278	4.181839483	6.525557998	5.420027861	5.3074227	6.172568925	5.054893409	5.320622276	6.367676707	5.598636479	5.58600972
146	3.295873055	2.015444851	0.961469477	4.501483897	3.888685418	3.376470903	5.282640984	3.694293549	4.129811577	6.36511173	5.416358626	5.422170898	6.225793226	5.064837155	5.329962662	6.369442412	5.601997913	5.613741556
147	3.285000589	2.019617242	0.960191093	4.598461994	3.888061	3.36078472	5.273024238	3.68979752	4.102909099	6.451410726	5.38430361	5.432835737	6.272432775	5.000408538	5.345124203	6.337575923	5.6088579	5.624961317
148	3.288791226	2.016994022	0.957017354	4.669703524	3.853717854	3.324903426	5.31965754	3.693637384	4.086792841	6.440510622	5.390757617	5.447838511	6.296185194	4.991115895	5.341728889	6.483162343	5.609706328	5.612092173
149	3.287026517	2.006129575	0.957842822	4.667661945	3.840488585	3.312567044	5.353074691	3.697604636	4.077545193	6.48664755	5.324408252	5.450406082	6.341335638	4.975721945	5.345638806	6.520052994	5.609754871	5.560604129
150	3.282848316	2.004895879	0.956757419	4.711263233	3.839680626	3.290977072	5.373837466	3.676088345	4.079370315	6.497841807	5.312855173	5.4284063	6.294031839	4.975090891	5.355004714	6.704793515	5.604667166	5.551347809
151	3.224949517	2.011359211	0.953457044	4.719398336	3.849459057	3.29119405	5.389174722	3.675497958	4.05466335	6.546727309	5.328651936	5.424608857	6.323281217	4.992228952	5.322115208	6.737306357	5.6018697	5.556810546
152	3.172076833	2.011090748	0.951102947	4.983344907	3.81007353	3.346289468	5.299029641	3.679105424	4.05855667	6.666849604	5.354185667	5.372103838	6.266563247	4.984623974	5.326400539	6.744477768	5.587874315	5.517620572
153	3.04899655	2.011432735	0.952539351	4.836539518	3.832905958	3.344287367	5.166599936	3.665916066	4.148479705	6.739863328	5.375781814	5.36846908	6.228033358	5.015786802	5.299222431	6.742506953	5.566547828	5.5073902
154	2.993207033	2.013712996	0.953048209	4.809048229	3.830533443	3.304925836	5.178214231	3.654723315	4.146264189	6.745637701	5.469707492	5.337734505	6.203977611	5.001276607	5.271471145	6.749197996	5.56271855	5.504543352
155	2.984881167	2.012887371	0.94854056	4.822041416	3.847081638	3.297538998	5.185580992	3.656372702	4.12103001	6.674145426	5.435995032	5.335132008	6.333963236	5.03061524	5.264318948	6.747831572	5.598165223	5.492707572
156	2.985787409	2.012510203	0.947768233	4.900634007	3.875998041	3.289485271	5.192095263	3.636071102	4.105813241	6.697493067	5.329069927	5.284247926	6.426024108	5.041534539	5.243653434	6.746715558	5.587824432	5.465589695
157	2.976113301	2.01181826	0.947282009	4.920840322	3.866252211	3.270471248	5.162167251	3.635581415	4.098000672	6.751547681	5.335877016	5.25806172	6.298407398	5.028917649	5.1993471	6.785998273	5.585182002	5.454570043
158	2.966736115	2.001703155	0.946259455	4.905487322	3.849240885	3.262756818	5.203065552	3.683743344	4.100103272	6.673816247	5.363352625	5.247645235	6.203285639	5.001955542	5.194495145	6.748599966	5.594336192	5.440194891
159	2.932129126	2.000159951	0.948805889	4.908841133	3.827618745	3.236260744	5.210632972	3.717141521	3.98448617	6.780118103	5.338298238	5.237637597	6.317179739	5.034452723	5.199708833	6.813555179	5.553011448	5.39497317
160	2.914742945	1.997234919	0.948591402	4.822772424	3.804139143	3.229146008	5.214435808	3.715289371	3.966285123	6.78751038	5.358620392	5.241948025	6.292046817	5.042442303	5.154014956	6.882216599	5.540166845	5.386301816
161	2.926555715	1.99408176	0.948045912	4.826396387	3.809119659	3.208021137	5.233677588	3.733115163	4.059078776	6.91147791	5.378336024	5.219277365	6.347559681	5.001904466	5.125903184	6.91572374	5.601290651	5.381484949
162	2.921357664	2.032018364	0.945757114	4.952188817	3.853063074	3.175937617	5.223272001	3.725210889	4.049261539	6.87150305	5.343681078	5.238836089	6.352796446	4.984415028	5.093648243	6.958970373	5.60815348	5.347695041
163	2.957120712	2.024479017	0.946336427	4.829702284	3.845913034	3.170122608	5.173987033	3.709663896	4.037775545	7.096019085	5.343775235	5.190372376	6.387151361	5.006177051	5.0984911	7.184578343	5.628757502	5.336625531
164	2.936778395	2.026772047	0.946883303	4.767683305	3.79288858	3.1607676	5.191787627	3.685740034	4.042767314	6.976061115	5.33739331	5.180094852	6.29747553	5.014706484	5.065424056	7.459914086	5.657127831	5.306046389
165	2.945373703	2.029802122	0.942990727	4.809532362	3.785452545	3.159293602	5.151555699	3.697220221	4.039209993	6.988092988	5.361311804	5.17882997	6.359198451	5.001085868	5.038381119	7.599507307	5.642328171	5.283484819
166	2.933123866	2.023677554	0.940007536	4.847056222	3.788837616	3.156499965	5.113218179	3.69650044	4.042260186	7.025576348	5.551426888	5.174135429	6.339837683	4.981733042	5.029806683	7.565694871	5.673794814	5.29519466
167	2.944805212	2.020664758	0.937051695	4.731947802	3.860019559	3.124893232	5.082726661	3.695061678	4.033508211	6.887120576	5.571849705	5.169444595	6.423189929	4.964216025	5.013256842	7.492745878	5.526347948	5.289014502
168	2.915193303	2.015704108	0.937016401	4.735593041	3.863975778	3.121730294	5.00703219	3.724543557	4.034928145	6.899429615	5.591796032	5.183195431	6.365703744	4.959237321	5.004462217	7.522185895	5.539501073	5.369203865
169	2.899193453	2.038053689	0.936332074	4.665906055	3.823949575	3.105292028	5.076318768	3.715876356	4.03661386	6.938531765	5.59631918	5.124099676	6.516447079	4.959638881	5.00353665	7.741478853	5.565133569	5.398348433
170	2.888325994	2.041805273	0.936685997	4.714149351	3.823049284	3.102123942	5.101030165	3.746731367	4.032592388	7.095314768	5.459709821	5.088855784	6.435598482	4.945927468	5.028738013	7.735570431	5.565374077	5.394928044
171	2.88953619	2.069834822	0.934418246	4.753049559	3.823701595	3.134464907	5.097469123	3.744747439	4.023185918	7.115578491	5.384684127	5.110002281	6.528148631	4.945791383	5.008341066	7.696426326	5.5636191	5.413159096
172	2.885307891	2.074436877	0.928631285	4.906180628	3.839816585	3.116018097	5.082854848	3.736020527	4.020638664	6.839929927	5.394778567	5.101232626	6.52097214	4.936529291	5.01511563	7.690496014	5.631184697	5.379441192
173	2.908200472	2.095187993	0.928389418	4.90184039	3.841048076	3.110959225	5.078866092	3.737335519	4.042408346	6.874603484	5.558518475	5.082745702	6.511651663	4.922996297	4.990943503	7.705454109	5.634738393	5.512221877
174	2.899211893	2.079667832	0.921411713	4.944080802	3.81051079	3.097096158	5.08863447	3.771370477	4.043974668	7.215940961	5.534434021	5.038840867	6.565162066	4.921725642	4.98307681	7.737464147	5.620091574	5.554053912
175	2.922070163	2.087996772	0.921130936	4.990416981	3.799198869	3.086043652	4.99908854	3.778927604	4.040697571	7.308741939	5.72008953	5.013328582	6.610889224	4.934755419	4.979775366	7.81771697	5.618171576	5.535935682
176	2.851917564	2.08684193	0.921537092	4.996424029	3.813198989	3.072041606	4.973260512	3.792279278	4.046746618	7.31092717	5.759452762	5.011188515	6.573728602	4.909600939	4.957258407	7.786030223	5.636215773	5.510193728
177	2.879647392	2.088559776	0.920933118	4.924773195	3.807890207	3.046365173	5.062530972	3.79144748	4.046391925	7.028149785	5.404715392	5.013571884	6.564886982	4.909807504	4.955168475	7.747559121	5.718733402	5.48720682
178	2.88203035	2.086742025	0.918871252	4.911492105	3.811978824	3.048745241	5.015486676	3.760122053	4.053109173	7.00688533	5.416683507	4.964023427	6.546299947	4.91083718	4.952642384	7.662641984	5.740076544	5.459001976
179	2.878794429	2.083951457	0.917670271	4.902657126	3.828585022	3.043754786	5.066455401	3.797292827	4.052681955	7.030886363	5.411150682	4.970667712	6.577589777	4.9078997	4.930559619	7.666368376	5.758841551	5.448003575
180	2.899706767	2.085296513	0.917310062	5.05430824	3.820737344	3.041014161	5.028279961	3.792439467	4.037488739	7.022443703	5.418216557	4.95804646	6.584204942	4.908212557	4.960867054	7.611366571	5.761927772	5.4056379
181	2.901923653	2.086392081	0.91386278	5.030782999	3.829862458	3.02292115	5.065964962	3.770278912	4.000969661	7.133872051	5.445055865	4.925025831	6.597639997	4.888704597	5.004500163	7.623602406	5.759101274	5.444564176
182	2.872926729	2.103073305	0.914889536	5.071961269	3.843120146	3.00456647	5.135609026	3.765827838	4.00523759	7.171958093	5.465114415	4.916194293	6.605786036	5.006962919	4.954371972	7.564147551	5.773634603	5.475394925
183	2.782368776	2.103490768	0.914003973	5.026737019	3.840731855	3.006972345	5.100997074	3.770060979	4.01918704	7.257161238	5.437888689	4.921396306	6.689624318	5.023540976	4.953773665	7.593197006	5.780434467	5.460697637
184	2.714624628	2.105478053	0.912674454	5.28538247	3.784632681	3.008697707	5.154922932	3.750057176	4.02183347	7.230595224	5.424181272	4.850134787	6.691509551	5.16076655	5.008527332	7.593904825	5.789447682	5.452793484
185	2.753059712	2.107766903	0.91245597	5.260766207	3.780974869	3.022552511	5.195107441	3.748658584	4.006625712	7.217356473	5.440733202	5.003132876	6.662866872	5.137636559	5.010315169	7.567225942	5.781473635	5.443603862
186	2.786171767	2.11740177	0.911334347	5.243311196	3.825828667	3.018958262	5.226112451	3.727262221	4.000188336	7.254641998	5.434177811	4.99351532	6.628144708	5.171068349	4.99646545	7.600093915	5.874659514	5.420602097
187	2.830525263	2.143585639	0.910672827	5.283430533	3.828515375	3.013763161	5.232151078	3.753584115	3.995799471	7.328401887	5.424741115	4.892066441	6.614569116	5.178027324	4.993732974	7.74776718	5.874715266	5.416031227
188	2.847209993	2.145469263	0.910315503	5.293553173	3.865529857	3.018267686	5.212559838	3.739852969	4.003890335	7.372962198	5.439493182	4.907553431	6.641304141	5.19640501	4.956332648	7.748336992	5.879861935	5.406057123
189	2.818225191	2.146346329	0.909954239	5.301306255	3.85616701	3.016570764	5.370447408	3.741207984	4.014574926	7.302641883	5.408186276	4.913359633	6.639625506	5.195765421	4.955472056	7.727816315	5.887497298	5.414284063
190	2.815808706	2.151914225	0.910917021	5.271759865	3.863855029	3.02146788	5.384844468	3.742414248	4.009182168	7.232968621	5.374615988	4.955999571	6.583251597	5.223820824	4.936541772	7.725002001	5.85598015	5.414689756
191	2.801341369	2.152199895	0.91084789	5.067358296	3.862057483	3.017117847	5.430321869	3.745291238	4.016309395	7.079909853	5.404910236	5.002230433	6.610185259	5.215517969	4.929995343	7.666043867	5.856361447	5.411640534
192	2.829733515	2.151635712	0.911168989	4.975982669	3.858284144	3.011051636	5.444254701	3.738171009	3.995508609	7.106187505	5.404115082	4.96857751	6.594465207	5.214332607	4.922345943	7.632873488	5.858476937	5.411807727
193	2.861658331	2.135854622	0.910591137	5.002753951	3.85997248	3.007440192	5.460816162	3.755513253	3.999262732	7.173664789	5.412020131	4.962981881	6.524923487	5.21154127	4.89598465	7.629542056	5.880953555	5.417106741
194	2.838336188	2.152267042	0.911890411	5.010296546	3.85710186	3.000332841	5.49415069	3.804307922	3.992341407	7.123364176	5.427206851	5.006423851	6.517413217	5.184510016	4.903121662	7.640264141	5.86551371	5.417180884
195	2.824092896	2.147981041	0.911519047	5.189743283	3.859226786	2.991478895	5.646473175	3.784501792	3.989126838	7.332845178	5.42555061	5.095353881	6.644613169	5.206001182	4.914213229	7.651722696	5.873959752	5.400564932
196	2.812447626	2.144897385	0.91034604	5.158032284	3.868858	2.983368628	5.708259297	3.787799183	3.972408124	7.2373482	5.429845531	5.104324897	6.59932316	5.203494774	4.908819097	7.499668828	5.880824086	5.451736983
197	2.81208994	2.149040294	0.911960985	5.199512604	3.857209949	2.978652056	5.698950322	3.804950385	3.965883125	7.370100323	5.419371525	5.10972503	6.674762572	5.192599342	4.899762547	7.598682722	5.882817895	5.457207356
198	2.8334605	2.157109867	0.910086267	5.212160482	3.871921076	2.973518323	5.657256693	3.835061218	4.013192495	7.267853441	5.426756617	5.226186333	6.631836437	5.202382514	4.873090315	7.580493506	5.878674351	5.436378538
199	2.837669955	2.151534046	0.906764994	5.209140254	3.866711647	2.964108091	5.77542601	3.863150511	4.013565192	7.117106318	5.414652184	5.274040679	6.694128697	5.274069661	4.864696037	7.532533373	5.890828529	5.421712055
200	2.837669955	2.151534046	0.906764994	5.209140254	3.866711647	2.964108091	5.77542601	3.863150511	4.013565192	7.117106318	5.414652184	5.274040679	6.694128697	5.274069661	4.864696037	7.532533373	5.890828529	5.421712055