Npc	init	loc-alloc	full_loc_alloc	scaledinit
1	43278.65659	43278.65659	43278.65659	43.27865659
2	31798.51325	28886.03403	28886.03403	31.79851325
3	20679.21926	14806.58953	14806.58953	20.67921926
4	18016.24513	13616.46196	13616.46196	18.01624513
5	15456.54945	12519.52209	12519.52209	15.45654945
6	14539.75804	11947.4363	11947.4363	14.53975804
7	13532.01683	11331.37001	11331.37001	13.53201683
8	12975.01166	10631.40493	10631.40493	12.97501166
9	12348.27651	10208.37172	10208.37172	12.34827651
10	12029.20181	9947.614137	9947.614137	12.02920181
11	11691.43996	9519.289282	9519.289282	11.69143996
12	11020.0417	9340.135484	9340.135484	11.0200417
13	10544.85134	9183.104038	9183.104038	10.54485134
14	10231.76556	9110.527661	9110.527661	10.23176556
15	10238.27769	8968.321558	8968.321558	10.23827769
16	10126.47636	8892.745422	8892.745422	10.12647636
17	9985.530652	8856.799855	8856.799855	9.985530652
18	9935.007603	8837.272747	8837.272747	9.935007603
19	9849.771833	8798.480445	8798.480445	9.849771833
20	9823.628541	8795.478282	8795.478282	9.823628541
21	9755.662463	8760.908214	8760.908214	9.755662463
22	9745.654449	8739.012103	8739.012103	9.745654449
23	9764.938342	8773.572553	8773.572553	9.764938342
24	9696.702939	8849.465964	8849.465964	9.696702939
25	9714.485829	8836.898613	8836.898613	9.714485829
26	9767.868328	8862.59365	8862.59365	9.767868328
27	9764.385485	8830.248649	8830.248649	9.764385485
28	9777.002386	8908.02098	8908.02098	9.777002386
29	9775.826799	8899.351883	8899.351883	9.775826799
30	9797.961023	8891.984266	8891.984266	9.797961023
31	9810.730123	8920.388339	8920.388339	9.810730123
32	9855.988726	8932.446336	8932.446336	9.855988726
33	9919.490789	8939.013531	8939.013531	9.919490789
34	9968.730453	8923.357422	8923.357422	9.968730453
35	10004.4225	8943.496534	8919.349684	10.0044225
36	10065.99358	9002.544907	9002.544907	10.06599358
37	10137.47102	9072.739055	9072.739055	10.13747102
38	10160.85561	9076.033835	9076.033835	10.16085561
39	10185.91035	9102.887023	9102.887023	10.18591035
40	10254.54869	9113.808419	9113.808419	10.25454869
41	10315.16092	9198.423595	9198.423595	10.31516092
42	10345.94177	9291.389264	9291.389264	10.34594177
43	10402.34321	9285.927449	9285.927449	10.40234321
44	10442.3702	9299.052325	9299.052325	10.4423702
45	10514.48852	9386.29371	9386.29371	10.51448852
46	10572.99255	9432.338098	9432.338098	10.57299255
47	10635.42775	9464.027181	9464.027181	10.63542775
48	10679.93607	9539.091656	9539.091656	10.67993607
49	10735.50476	9587.794692	9587.794692	10.73550476
50	10805.12973	9590.588735	9590.588735	10.80512973
51	10879.1181	9653.947639	9653.947639	10.8791181
52	10932.36187	9747.716054	9747.716054	10.93236187
53	10981.99249	9726.681158	9726.681158	10.98199249
54	11051.21842	9758.432618	9758.432618	11.05121842
55	11128.38401	9823.423392	9823.423392	11.12838401
56	11197.31756	9885.182211	9885.182211	11.19731756
57	11254.86144	10014.75756	10014.75756	11.25486144
58	11304.51055	10061.67927	10061.67927	11.30451055
59	11386.35839	10168.07554	10168.07554	11.38635839
60	11425.09894	10260.45985	10260.45985	11.42509894
61	11468.4743	10299.87459	10294.09875	11.4684743
62	11552.45976	10332.21337	10326.43753	11.55245976
63	11619.18098	10412.4925	10412.46511	11.61918098
64	11663.98129	10461.09765	10461.09765	11.66398129
65	11731.17171	10526.66263	10526.66263	11.73117171
66	11766.08616	10580.89414	10580.89414	11.76608616
67	11835.88813	10655.8403	10655.8403	11.83588813
68	11892.35732	10681.1043	10681.1043	11.89235732
69	11941.32094	10726.79212	10726.79212	11.94132094
70	12015.45274	10763.40462	10763.24042	12.01545274
71	12071.95626	10811.09867	10811.09867	12.07195626
72	12138.41621	10842.77477	10842.77477	12.13841621
73	12213.14809	10917.17455	10917.17455	12.21314809
74	12287.47116	10966.73833	10966.73833	12.28747116
75	12365.95057	11017.71319	11017.71319	12.36595057
76	12437.07448	11054.62466	11054.62466	12.43707448
77	12508.62373	11129.40755	11129.40755	12.50862373
78	12551.56089	11193.43639	11193.43639	12.55156089
79	12631.49371	11270.42949	11270.42949	12.63149371
80	12683.81793	11318.23597	11318.23597	12.68381793
81	12765.40195	11385.98425	11385.98425	12.76540195
82	12839.62091	11427.26162	11427.26162	12.83962091
83	12923.54174	11481.16538	11481.16538	12.92354174
84	12995.69123	11565.8632	11565.8632	12.99569123
85	13064.59542	11626.87117	11626.87117	13.06459542
86	13139.83282	11715.77612	11715.77612	13.13983282
87	13223.94734	11794.57048	11794.57048	13.22394734
88	13307.30927	11850.84807	11850.84807	13.30730927
89	13383.22757	11925.02895	11925.02895	13.38322757
90	13443.27152	12009.73647	12009.73647	13.44327152
91	13511.56094	12099.1043	12099.1043	13.51156094
92	13582.18924	12190.0218	12190.0218	13.58218924
93	13669.48495	12280.82566	12280.82566	13.66948495
94	13747.11464	12380.53257	12380.53257	13.74711464
95	13825.67235	12458.29102	12458.29102	13.82567235
96	13901.43106	12491.62746	12491.62746	13.90143106
97	13968.37847	12568.25383	12568.25383	13.96837847
98	14063.7242	12678.22671	12678.22671	14.0637242
99	14125.33263	12752.54087	12752.54087	14.12533263
100	14193.82475	12857.82151	12857.82151	14.19382475
101	14279.33638	12925.40332	12925.40332	14.27933638
102	14355.50331	13025.29255	13025.29255	14.35550331
103	14436.37246	13122.98254	13122.98254	14.43637246
104	14532.37491	13207.8653	13207.8653	14.53237491
105	14608.72786	13287.25608	13287.25608	14.60872786
106	14693.05824	13367.15726	13367.15726	14.69305824
107	14765.09858	13453.88008	13451.39748	14.76509858
108	14863.39245	13535.71921	13535.71921	14.86339245
109	14954.53012	13612.37378	13612.37378	14.95453012
110	15050.71712	13689.73718	13689.73718	15.05071712
111	15134.07936	13766.39077	13766.39077	15.13407936
112	15202.57052	13864.12757	13864.12757	15.20257052
113	15269.26133	13929.9728	13929.9728	15.26926133
114	15323.02107	14010.80069	14010.80069	15.32302107
115	15405.49187	14087.59905	14087.59905	15.40549187
116	15498.32135	14174.41857	14174.32765	15.49832135
117	15573.17865	14266.67735	14266.58643	15.57317865
118	15641.22874	14328.67192	14328.67192	15.64122874
119	15720.89002	14396.65988	14396.65988	15.72089002
120	15814.15423	14479.29715	14479.29715	15.81415423
121	15899.60867	14552.23447	14552.20885	15.89960867
122	15975.04411	14662.75281	14662.72719	15.97504411
123	16055.657	14758.71186	14758.68623	16.055657
124	16143.73944	14862.79369	14862.76807	16.14373944
125	16235.41767	14927.78129	14927.75567	16.23541767
126	16309.48259	15023.30653	15023.2809	16.30948259
127	16398.66909	15112.82446	15112.79884	16.39866909
128	16487.22351	15197.89332	15197.86769	16.48722351
129	16560.5692	15321.85806	15321.83244	16.5605692
130	16639.54263	15408.45245	15408.45245	16.63954263
131	16711.66206	15470.5287	15470.5287	16.71166206
132	16798.00398	15553.03985	15553.03985	16.79800398
133	16885.13944	15638.7186	15638.7186	16.88513944
134	16970.19986	15732.46462	15732.46462	16.97019986
135	17061.97711	15822.29727	15822.29727	17.06197711
136	17133.70151	15885.06309	15885.06309	17.13370151
137	17205.57295	15979.24854	15979.24854	17.20557295
138	17275.06859	16080.22624	16080.22624	17.27506859
139	17363.1169	16180.85795	16180.85795	17.3631169
140	17451.45791	16265.28348	16265.28348	17.45145791
141	17541.36268	16363.88876	16363.88876	17.54136268
142	17639.61771	16468.79763	16468.79763	17.63961771
143	17732.43886	16550.47391	16550.47391	17.73243886
144	17823.93165	16643.1279	16643.1279	17.82393165
145	17922.23592	16741.85119	16741.85119	17.92223592
146	18014.2652	16835.98201	16835.98201	18.0142652
147	18098.77055	16932.81351	16932.81351	18.09877055
148	18196.57511	17026.16255	17026.16255	18.19657511
149	18279.27001	17115.15878	17115.15878	18.27927001
150	18377.42286	17211.78869	17211.78869	18.37742286
151	18453.8366	17296.96803	17296.96803	18.4538366
152	18547.28232	17390.36597	17390.36597	18.54728232
153	18642.76244	17491.57271	17491.57271	18.64276244
154	18718.61445	17579.19617	17579.19617	18.71861445
155	18808.13952	17660.54255	17660.54255	18.80813952
156	18892.68574	17754.86672	17754.86672	18.89268574
157	18973.10888	17849.68181	17849.68181	18.97310888
158	19047.62757	17968.49109	17968.49109	19.04762757
159	19120.95135	18067.72284	18067.72284	19.12095135
160	19187.50176	18161.51588	18161.51588	19.18750176
161	19275.15598	18265.44745	18265.44745	19.27515598
162	19368.4614	18369.55191	18369.55191	19.3684614
163	19454.55455	18459.23426	18459.23426	19.45455455
164	19542.37272	18552.17841	18552.17841	19.54237272
165	19639.48731	18645.98481	18645.98481	19.63948731
166	19721.63586	18732.5502	18732.5502	19.72163586
167	19809.53424	18814.52273	18814.52273	19.80953424
168	19902.85053	18902.97079	18902.97079	19.90285053
169	19984.87747	19000.74308	19000.74308	19.98487747
170	20077.13049	19090.35504	19090.35504	20.07713049
171	20171.23551	19189.77203	19189.77203	20.17123551
172	20264.79532	19285.23987	19285.23987	20.26479532
173	20360.59053	19390.14875	19390.14875	20.36059053
174	20442.46759	19484.46109	19484.46109	20.44246759
175	20514.45132	19589.43107	19589.43107	20.51445132
176	20606.85401	19694.33995	19694.33995	20.60685401
177	20700.45437	19798.31293	19798.31293	20.70045437
178	20799.56207	19893.88053	19893.88053	20.79956207
179	20897.30466	19991.91801	19991.91801	20.89730466
180	20978.10957	20098.3514	20098.3514	20.97810957
181	21050.72989	20203.19973	20203.19973	21.05072989
182	21145.32561	20301.25924	20301.25924	21.14532561
183	21241.36033	20386.46103	20386.46103	21.24136033
184	21340.513	20489.96278	20489.96278	21.340513
185	21429.23263	20598.28058	20598.28058	21.42923263
186	21517.86701	20697.9313	20697.9313	21.51786701
187	21600.33292	20789.10536	20789.10536	21.60033292
188	21690.59571	20894.01423	20894.01423	21.69059571
189	21784.21834	20998.50471	20998.50471	21.78421834
190	21883.42405	21098.01574	21098.01574	21.88342405
191	21974.18927	21194.184	21194.184	21.97418927
192	22067.41141	21289.59459	21289.59459	22.06741141
193	22166.62983	21390.79118	21390.79118	22.16662983
194	22245.44343	21484.92148	21484.92148	22.24544343
195	22338.17184	21585.98492	21585.98492	22.33817184
196	22420.66788	21680.91893	21680.91893	22.42066788
197	22515.92807	21783.10914	21783.10914	22.51592807
198	22615.18462	21888.82141	21888.82141	22.61518462
199	22709.54127	21993.73029	21993.73029	22.70954127
200	22808.42405	22103.26265	22103.26265	22.80842405