Npc	init	loc-alloc	full_loc_alloc	scaledinit
1	32927.46522	32927.46522	32927.46522	32.92746522
2	25716.83012	22676.78678	22676.78678	25.71683012
3	18269.767	12558.38365	12558.38365	18.269767
4	15977.25311	11384.70759	11384.70759	15.97725311
5	13992.00205	10265.93494	10265.93494	13.99200205
6	13515.1668	9869.279102	9840.365849	13.5151668
7	13040.8579	9499.293034	9470.379782	13.0408579
8	12553.91845	9363.083558	9334.170305	12.55391845
9	12333.80694	9269.649363	9250.239467	12.33380694
10	12157.29651	9094.949829	9075.539933	12.15729651
11	11890.56657	8936.501613	8922.259781	11.89056657
12	11717.11441	8854.425441	8854.425441	11.71711441
13	11464.81125	8693.196129	8688.493965	11.46481125
14	11419.1631	8685.130677	8677.531139	11.4191631
15	11289.25194	8578.39754	8568.907463	11.28925194
16	11254.27966	8503.277206	8499.08852	11.25427966
17	11175.18791	8359.779211	8357.888672	11.17518791
18	11147.01874	8259.671784	8259.671784	11.14701874
19	11102.09004	8247.778484	8245.887945	11.10209004
20	11069.06873	8222.082904	8209.956727	11.06906873
21	10986.48185	8239.354135	8079.9711	10.98648185
22	10915.23086	8041.63535	8039.227902	10.91523086
23	10815.50217	7997.013727	7941.595959	10.81550217
24	10805.8383	7904.115848	7900.278816	10.8058383
25	10753.66501	7842.402942	7827.158286	10.75366501
26	10768.03952	7810.922499	7794.660097	10.76803952
27	10756.44291	7781.515609	7760.264285	10.75644291
28	10775.78471	7768.297375	7744.655099	10.77578471
29	10764.19347	7777.844691	7768.017487	10.76419347
30	10759.60088	7820.515546	7810.688343	10.75960088
31	10778.40477	7827.499797	7819.081011	10.77840477
32	10790.65555	7720.439369	7720.439369	10.79065555
33	10802.34208	7709.736721	7701.317935	10.80234208
34	10792.17023	7738.419347	7722.223518	10.79217023
35	10815.41635	7686.799239	7639.633856	10.81541635
36	10842.36508	7695.73991	7651.964713	10.84236508
37	10838.55098	7630.151336	7600.27263	10.83855098
38	10822.89969	7572.446149	7549.893177	10.82289969
39	10801.63724	7576.638743	7549.333254	10.80163724
40	10820.55013	7532.844336	7510.706708	10.82055013
41	10841.41524	7508.92295	7506.448846	10.84141524
42	10840.32186	7501.430009	7473.710667	10.84032186
43	10851.45446	7520.377476	7502.123136	10.85145446
44	10876.91693	7481.652563	7464.411361	10.87691693
45	10907.68563	7515.18694	7502.780756	10.90768563
46	10915.8412	7526.678066	7496.599178	10.9158412
47	10917.70871	7412.844734	7412.844734	10.91770871
48	10907.87384	7410.35656	7410.35656	10.90787384
49	10938.97022	7478.982724	7471.643709	10.93897022
50	10942.20614	7493.358811	7486.019797	10.94220614
51	10967.58299	7451.57238	7451.57238	10.96758299
52	10983.98689	7531.690564	7531.690564	10.98398689
53	11018.06228	7602.016824	7602.016824	11.01806228
54	11050.95346	7586.843382	7586.843382	11.05095346
55	11088.10453	7604.056126	7568.342683	11.08810453
56	11120.16819	7583.608256	7528.005451	11.12016819
57	11141.28878	7573.854952	7554.745319	11.14128878
58	11176.84832	7630.513598	7591.752259	11.17684832
59	11213.4271	7624.2587	7576.44208	11.2134271
60	11227.55538	7631.404221	7599.634118	11.22755538
61	11255.19972	7635.0906	7568.815985	11.25519972
62	11278.9337	7610.230946	7562.090049	11.2789337
63	11282.72626	7700.273589	7643.377557	11.28272626
64	11310.13829	7663.574045	7663.574045	11.31013829
65	11331.39061	7638.357619	7638.357619	11.33139061
66	11363.58836	7631.505273	7631.505273	11.36358836
67	11383.46127	7702.63117	7702.63117	11.38346127
68	11408.32101	7708.082002	7708.082002	11.40832101
69	11442.20121	7706.552345	7706.552345	11.44220121
70	11479.32128	7754.310314	7754.310314	11.47932128
71	11490.65979	7718.467446	7718.467446	11.49065979
72	11521.0158	7755.302202	7755.302202	11.5210158
73	11553.01532	7835.115303	7835.115303	11.55301532
74	11580.14276	7847.509244	7847.509244	11.58014276
75	11612.00942	7878.656019	7878.656019	11.61200942
76	11638.22241	7899.699651	7890.646292	11.63822241
77	11667.76114	7935.908779	7918.273593	11.66776114
78	11683.23075	7920.53373	7911.480371	11.68323075
79	11701.52505	8045.989062	7982.583343	11.70152505
80	11715.66537	8045.101185	8011.008935	11.71566537
81	11753.9074	8064.139979	8016.126992	11.7539074
82	11782.56771	8000.65109	7977.470833	11.78256771
83	11807.96942	8055.117882	8010.103905	11.80796942
84	11850.40745	8028.582611	7999.100789	11.85040745
85	11878.2495	8062.077396	8049.757982	11.8782495
86	11914.19463	8070.816607	8058.692087	11.91419463
87	11955.58586	8113.912634	8107.805963	11.95558586
88	11986.62985	8167.599264	8161.492593	11.98662985
89	12017.53801	8157.101328	8152.761022	12.01753801
90	12032.28861	8197.084527	8182.489351	12.03228861
91	12067.35983	8177.197959	8162.602784	12.06735983
92	12110.31677	8232.998426	8232.113418	12.11031677
93	12148.79751	8274.817802	8274.399644	12.14879751
94	12180.10107	8256.488092	8256.488092	12.18010107
95	12211.94002	8297.396245	8296.978087	12.21194002
96	12251.64147	8351.007922	8351.007922	12.25164147
97	12291.25684	8382.660453	8382.660453	12.29125684
98	12328.83911	8469.962228	8469.962228	12.32883911
99	12360.74733	8515.303075	8515.303075	12.36074733
100	12398.7754	8550.208534	8550.208534	12.3987754
101	12440.54733	8564.046727	8564.046727	12.44054733
102	12458.03243	8531.444096	8531.444096	12.45803243
103	12483.23002	8537.723912	8537.723912	12.48323002
104	12516.11613	8595.145524	8595.145524	12.51611613
105	12555.37564	8558.160231	8558.160231	12.55537564
106	12592.07884	8607.681389	8607.681389	12.59207884
107	12627.13507	8672.990232	8667.237334	12.62713507
108	12662.68797	8688.340914	8682.588016	12.66268797
109	12706.37035	8670.949735	8665.196837	12.70637035
110	12740.44046	8736.134031	8732.166987	12.74044046
111	12774.39176	8722.177562	8722.177562	12.77439176
112	12816.82355	8762.142744	8762.142744	12.81682355
113	12846.74027	8754.345035	8754.345035	12.84674027
114	12877.96486	8834.24758	8822.845006	12.87796486
115	12917.367	8855.176048	8855.176048	12.917367
116	12954.99094	8915.929804	8915.929804	12.95499094
117	12987.71757	8926.910756	8926.910756	12.98771757
118	13026.34152	8973.053187	8973.053187	13.02634152
119	13061.80191	8993.126018	8993.126018	13.06180191
120	13105.68138	9032.454826	9032.454826	13.10568138
121	13148.37903	9033.122062	9033.122062	13.14837903
122	13180.0164	9102.435765	9102.435765	13.1800164
123	13222.16687	9115.517229	9115.517229	13.22216687
124	13264.10056	9155.687487	9155.687487	13.26410056
125	13297.67267	9181.627107	9181.627107	13.29767267
126	13331.24989	9166.621648	9166.621648	13.33124989
127	13362.86028	9235.110472	9235.110472	13.36286028
128	13401.16266	9336.942951	9311.15877	13.40116266
129	13434.20445	9366.147406	9346.262195	13.43420445
130	13479.61507	9398.925035	9379.039824	13.47961507
131	13515.7887	9409.681947	9400.193862	13.5157887
132	13558.98759	9461.161403	9459.521526	13.55898759
133	13597.4362	9542.395369	9540.755491	13.5974362
134	13624.61986	9539.739691	9539.739691	13.62461986
135	13665.7804	9541.627691	9541.627691	13.6657804
136	13704.76216	9594.380649	9594.380649	13.70476216
137	13741.25834	9624.816156	9624.816156	13.74125834
138	13786.73463	9667.7215	9667.7215	13.78673463
139	13820.73188	9772.118803	9765.007813	13.82073188
140	13860.34135	9835.618386	9828.507397	13.86034135
141	13901.37624	9910.991915	9910.991915	13.90137624
142	13944.11144	9925.18724	9925.18724	13.94411144
143	13979.7144	10030.66171	9973.364645	13.9797144
144	14017.77034	10082.4061	10020.86067	14.01777034
145	14051.10309	10065.98613	10065.98613	14.05110309
146	14093.75536	10107.57795	10107.57795	14.09375536
147	14137.62585	10130.57374	10130.57374	14.13762585
148	14177.97211	10178.22187	10178.22187	14.17797211
149	14200.40225	10208.12377	10192.90092	14.20040225
150	14242.52989	10228.87387	10213.65102	14.24252989
151	14288.12851	10272.62926	10257.40641	14.28812851
152	14323.83414	10302.38567	10302.38567	14.32383414
153	14361.08069	10331.64193	10331.64193	14.36108069
154	14381.68045	10381.99053	10381.99053	14.38168045
155	14422.49255	10386.40946	10386.40946	14.42249255
156	14467.22374	10440.65017	10440.65017	14.46722374
157	14512.86037	10456.92321	10456.92321	14.51286037
158	14549.95519	10491.61548	10491.61548	14.54995519
159	14590.91892	10507.83432	10507.83432	14.59091892
160	14624.62422	10510.31132	10510.31132	14.62462422
161	14659.75426	10561.30132	10561.30132	14.65975426
162	14704.25336	10587.03318	10587.03318	14.70425336
163	14745.78791	10629.74747	10629.74747	14.74578791
164	14768.32347	10660.18298	10660.18298	14.76832347
165	14807.51977	10732.97909	10732.97909	14.80751977
166	14852.14263	10782.57845	10782.57845	14.85214263
167	14895.68025	10833.72541	10833.72541	14.89568025
168	14941.45613	10909.21181	10908.69504	14.94145613
169	14975.31065	10970.48912	10968.47442	14.97531065
170	15016.13495	11008.77696	11002.16147	15.01613495
171	15056.48306	11063.89722	11057.28172	15.05648306
172	15097.14399	11104.30414	11097.68865	15.09714399
173	15135.47672	11167.11763	11160.50213	15.13547672
174	15171.02816	11182.68822	11176.07272	15.17102816
175	15214.57521	11243.47657	11236.86108	15.21457521
176	15253.59693	11273.84592	11267.23043	15.25359693
177	15293.07723	11325.35481	11318.73932	15.29307723
178	15322.57154	11393.10466	11386.48916	15.32257154
179	15366.7762	11430.22404	11423.60855	15.3667762
180	15412.73195	11478.55131	11471.93581	15.41273195
181	15452.34632	11521.19248	11514.57698	15.45234632
182	15496.19175	11587.10433	11580.48883	15.49619175
183	15536.24021	11639.43649	11632.821	15.53624021
184	15570.38298	11687.89372	11681.27823	15.57038298
185	15611.36005	11764.65224	11751.48727	15.61136005
186	15653.14336	11814.18256	11801.0176	15.65314336
187	15694.78631	11828.33856	11827.22024	15.69478631
188	15738.58505	11870.04604	11868.92771	15.73858505
189	15776.2633	11934.46505	11933.34673	15.7762633
190	15808.59005	11952.99817	11952.99817	15.80859005
191	15852.24405	12030.14083	12023.87329	15.85224405
192	15897.80285	12064.27204	12058.00449	15.89780285
193	15934.91892	12118.74711	12112.47957	15.93491892
194	15977.35007	12169.47853	12163.21099	15.97735007
195	16022.59492	12214.78926	12208.52171	16.02259492
196	16044.65196	12284.8649	12278.59736	16.04465196
197	16087.19254	12326.69605	12319.51284	16.08719254
198	16122.8188	12382.40458	12375.22136	16.1228188
199	16161.05921	12405.78813	12405.78813	16.16105921
200	16198.88637	12440.06245	12440.06245	16.19888637